-3.000000000000000000e+00
-3.000000000000000000e+00
-2.857142857142857206e+00
-2.714285714285714413e+00
-2.571428571428571619e+00
-2.428571428571428825e+00
-2.285714285714285587e+00
-2.142857142857142794e+00
-2.000000000000000000e+00
-1.857142857142857206e+00
-1.714285714285714413e+00
-1.571428571428571619e+00
-1.428571428571428603e+00
-1.285714285714285809e+00
-1.142857142857143016e+00
-1.000000000000000000e+00
-8.571428571428572063e-01
-7.142857142857144126e-01
-5.714285714285716189e-01
-4.285714285714288252e-01
-2.857142857142860315e-01
-1.428571428571432378e-01
0.000000000000000000e+00
1.428571428571427937e-01
2.857142857142855874e-01
4.285714285714283811e-01
5.714285714285711748e-01
7.142857142857139685e-01
8.571428571428567622e-01
1.000000000000000000e+00
