0.405000 0.405000 0.405000 0.405000 0.405000 0.405000 0.405000 0.405000 0.405000 0.405000 0.405000 0.405000 0.405000 0.405000 0.405000 0.405000 0.405000 0.405000 0.405000 0.405000 0.405000 0.405000 0.405000 0.405000 0.405000 0.405000 0.405000 0.405000 0.405000 0.405000 0.405000 0.405000 0.405000 0.405000 0.405000 0.405000 0.405000 0.405000 0.405000 0.405000 0.405000 0.405000 0.405000 0.405000 0.405000 0.405000 0.405000 0.405000 0.405000 0.405000
0.405200 0.405200 0.405200 0.405200 0.405200 0.405200 0.405200 0.405200 0.405200 0.405200 0.405200 0.405200 0.405200 0.405200 0.405200 0.405200 0.405200 0.405200 0.405200 0.405200 0.405200 0.405200 0.405200 0.405200 0.405200 0.405200 0.405200 0.405200 0.405200 0.405200 0.405200 0.405200 0.405200 0.405200 0.405200 0.405200 0.405200 0.405200 0.405200 0.405200 0.405200 0.405200 0.405200 0.405200 0.405200 0.405200 0.405200 0.405200 0.405200 0.405200
0.405400 0.405400 0.405400 0.405400 0.405400 0.405400 0.405400 0.405400 0.405400 0.405400 0.405400 0.405400 0.405400 0.405400 0.405400 0.405400 0.405400 0.405400 0.405400 0.405400 0.405400 0.405400 0.405400 0.405400 0.405400 0.405400 0.405400 0.405400 0.405400 0.405400 0.405400 0.405400 0.405400 0.405400 0.405400 0.405400 0.405400 0.405400 0.405400 0.405400 0.405400 0.405400 0.405400 0.405400 0.405400 0.405400 0.405400 0.405400 0.405400 0.405400
0.405600 0.405600 0.405600 0.405600 0.405600 0.405600 0.405600 0.405600 0.405600 0.405600 0.405600 0.405600 0.405600 0.405600 0.405600 0.405600 0.405600 0.405600 0.405600 0.405600 0.405600 0.405600 0.405600 0.405600 0.405600 0.405600 0.405600 0.405600 0.405600 0.405600 0.405600 0.405600 0.405600 0.405600 0.405600 0.405600 0.405600 0.405600 0.405600 0.405600 0.405600 0.405600 0.405600 0.405600 0.405600 0.405600 0.405600 0.405600 0.405600 0.405600
0.405800 0.405800 0.405800 0.405800 0.405800 0.405800 0.405800 0.405800 0.405800 0.405800 0.405800 0.405800 0.405800 0.405800 0.405800 0.405800 0.405800 0.405800 0.405800 0.405800 0.405800 0.405800 0.405800 0.405800 0.405800 0.405800 0.405800 0.405800 0.405800 0.405800 0.405800 0.405800 0.405800 0.405800 0.405800 0.405800 0.405800 0.405800 0.405800 0.405800 0.405800 0.405800 0.405800 0.405800 0.405800 0.405800 0.405800 0.405800 0.405800 0.405800
0.406000 0.406000 0.406000 0.406000 0.406000 0.406000 0.406000 0.406000 0.406000 0.406000 0.406000 0.406000 0.406000 0.406000 0.406000 0.406000 0.406000 0.406000 0.406000 0.406000 0.406000 0.406000 0.406000 0.406000 0.406000 0.406000 0.406000 0.406000 0.406000 0.406000 0.406000 0.406000 0.406000 0.406000 0.406000 0.406000 0.406000 0.406000 0.406000 0.406000 0.406000 0.406000 0.406000 0.406000 0.406000 0.406000 0.406000 0.406000 0.406000 0.406000
0.406200 0.406200 0.406200 0.406200 0.406200 0.406200 0.406200 0.406200 0.406200 0.406200 0.406200 0.406200 0.406200 0.406200 0.406200 0.406200 0.406200 0.406200 0.406200 0.406200 0.406200 0.406200 0.406200 0.406200 0.406200 0.406200 0.406200 0.406200 0.406200 0.406200 0.406200 0.406200 0.406200 0.406200 0.406200 0.406200 0.406200 0.406200 0.406200 0.406200 0.406200 0.406200 0.406200 0.406200 0.406200 0.406200 0.406200 0.406200 0.406200 0.406200
0.406400 0.406400 0.406400 0.406400 0.406400 0.406400 0.406400 0.406400 0.406400 0.406400 0.406400 0.406400 0.406400 0.406400 0.406400 0.406400 0.406400 0.406400 0.406400 0.406400 0.406400 0.406400 0.406400 0.406400 0.406400 0.406400 0.406400 0.406400 0.406400 0.406400 0.406400 0.406400 0.406400 0.406400 0.406400 0.406400 0.406400 0.406400 0.406400 0.406400 0.406400 0.406400 0.406400 0.406400 0.406400 0.406400 0.406400 0.406400 0.406400 0.406400
0.406600 0.406600 0.406600 0.406600 0.406600 0.406600 0.406600 0.406600 0.406600 0.406600 0.406600 0.406600 0.406600 0.406600 0.406600 0.406600 0.406600 0.406600 0.406600 0.406600 0.406600 0.406600 0.406600 0.406600 0.406600 0.406600 0.406600 0.406600 0.406600 0.406600 0.406600 0.406600 0.406600 0.406600 0.406600 0.406600 0.406600 0.406600 0.406600 0.406600 0.406600 0.406600 0.406600 0.406600 0.406600 0.406600 0.406600 0.406600 0.406600 0.406600
0.406800 0.406800 0.406800 0.406800 0.406800 0.406800 0.406800 0.406800 0.406800 0.406800 0.406800 0.406800 0.406800 0.406800 0.406800 0.406800 0.406800 0.406800 0.406800 0.406800 0.406800 0.406800 0.406800 0.406800 0.406800 0.406800 0.406800 0.406800 0.406800 0.406800 0.406800 0.406800 0.406800 0.406800 0.406800 0.406800 0.406800 0.406800 0.406800 0.406800 0.406800 0.406800 0.406800 0.406800 0.406800 0.406800 0.406800 0.406800 0.406800 0.406800
0.407000 0.407000 0.407000 0.407000 0.407000 0.407000 0.407000 0.407000 0.407000 0.407000 0.407000 0.407000 0.407000 0.407000 0.407000 0.407000 0.407000 0.407000 0.407000 0.407000 0.407000 0.407000 0.407000 0.407000 0.407000 0.407000 0.407000 0.407000 0.407000 0.407000 0.407000 0.407000 0.407000 0.407000 0.407000 0.407000 0.407000 0.407000 0.407000 0.407000 0.407000 0.407000 0.407000 0.407000 0.407000 0.407000 0.407000 0.407000 0.407000 0.407000
0.407200 0.407200 0.407200 0.407200 0.407200 0.407200 0.407200 0.407200 0.407200 0.407200 0.407200 0.407200 0.407200 0.407200 0.407200 0.407200 0.407200 0.407200 0.407200 0.407200 0.407200 0.407200 0.407200 0.407200 0.407200 0.407200 0.407200 0.407200 0.407200 0.407200 0.407200 0.407200 0.407200 0.407200 0.407200 0.407200 0.407200 0.407200 0.407200 0.407200 0.407200 0.407200 0.407200 0.407200 0.407200 0.407200 0.407200 0.407200 0.407200 0.407200
0.407400 0.407400 0.407400 0.407400 0.407400 0.407400 0.407400 0.407400 0.407400 0.407400 0.407400 0.407400 0.407400 0.407400 0.407400 0.407400 0.407400 0.407400 0.407400 0.407400 0.407400 0.407400 0.407400 0.407400 0.407400 0.407400 0.407400 0.407400 0.407400 0.407400 0.407400 0.407400 0.407400 0.407400 0.407400 0.407400 0.407400 0.407400 0.407400 0.407400 0.407400 0.407400 0.407400 0.407400 0.407400 0.407400 0.407400 0.407400 0.407400 0.407400
0.407600 0.407600 0.407600 0.407600 0.407600 0.407600 0.407600 0.407600 0.407600 0.407600 0.407600 0.407600 0.407600 0.407600 0.407600 0.407600 0.407600 0.407600 0.407600 0.407600 0.407600 0.407600 0.407600 0.407600 0.407600 0.407600 0.407600 0.407600 0.407600 0.407600 0.407600 0.407600 0.407600 0.407600 0.407600 0.407600 0.407600 0.407600 0.407600 0.407600 0.407600 0.407600 0.407600 0.407600 0.407600 0.407600 0.407600 0.407600 0.407600 0.407600
0.407800 0.407800 0.407800 0.407800 0.407800 0.407800 0.407800 0.407800 0.407800 0.407800 0.407800 0.407800 0.407800 0.407800 0.407800 0.407800 0.407800 0.407800 0.407800 0.407800 0.407800 0.407800 0.407800 0.407800 0.407800 0.407800 0.407800 0.407800 0.407800 0.407800 0.407800 0.407800 0.407800 0.407800 0.407800 0.407800 0.407800 0.407800 0.407800 0.407800 0.407800 0.407800 0.407800 0.407800 0.407800 0.407800 0.407800 0.407800 0.407800 0.407800
0.408000 0.408000 0.408000 0.408000 0.408000 0.408000 0.408000 0.408000 0.408000 0.408000 0.408000 0.408000 0.408000 0.408000 0.408000 0.408000 0.408000 0.408000 0.408000 0.408000 0.408000 0.408000 0.408000 0.408000 0.408000 0.408000 0.408000 0.408000 0.408000 0.408000 0.408000 0.408000 0.408000 0.408000 0.408000 0.408000 0.408000 0.408000 0.408000 0.408000 0.408000 0.408000 0.408000 0.408000 0.408000 0.408000 0.408000 0.408000 0.408000 0.408000
0.408200 0.408200 0.408200 0.408200 0.408200 0.408200 0.408200 0.408200 0.408200 0.408200 0.408200 0.408200 0.408200 0.408200 0.408200 0.408200 0.408200 0.408200 0.408200 0.408200 0.408200 0.408200 0.408200 0.408200 0.408200 0.408200 0.408200 0.408200 0.408200 0.408200 0.408200 0.408200 0.408200 0.408200 0.408200 0.408200 0.408200 0.408200 0.408200 0.408200 0.408200 0.408200 0.408200 0.408200 0.408200 0.408200 0.408200 0.408200 0.408200 0.408200
0.408400 0.408400 0.408400 0.408400 0.408400 0.408400 0.408400 0.408400 0.408400 0.408400 0.408400 0.408400 0.408400 0.408400 0.408400 0.408400 0.408400 0.408400 0.408400 0.408400 0.408400 0.408400 0.408400 0.408400 0.408400 0.408400 0.408400 0.408400 0.408400 0.408400 0.408400 0.408400 0.408400 0.408400 0.408400 0.408400 0.408400 0.408400 0.408400 0.408400 0.408400 0.408400 0.408400 0.408400 0.408400 0.408400 0.408400 0.408400 0.408400 0.408400
0.408600 0.408600 0.408600 0.408600 0.408600 0.408600 0.408600 0.408600 0.408600 0.408600 0.408600 0.408600 0.408600 0.408600 0.408600 0.408600 0.408600 0.408600 0.408600 0.408600 0.408600 0.408600 0.408600 0.408600 0.408600 0.408600 0.408600 0.408600 0.408600 0.408600 0.408600 0.408600 0.408600 0.408600 0.408600 0.408600 0.408600 0.408600 0.408600 0.408600 0.408600 0.408600 0.408600 0.408600 0.408600 0.408600 0.408600 0.408600 0.408600 0.408600
0.408800 0.408800 0.408800 0.408800 0.408800 0.408800 0.408800 0.408800 0.408800 0.408800 0.408800 0.408800 0.408800 0.408800 0.408800 0.408800 0.408800 0.408800 0.408800 0.408800 0.408800 0.408800 0.408800 0.408800 0.408800 0.408800 0.408800 0.408800 0.408800 0.408800 0.408800 0.408800 0.408800 0.408800 0.408800 0.408800 0.408800 0.408800 0.408800 0.408800 0.408800 0.408800 0.408800 0.408800 0.408800 0.408800 0.408800 0.408800 0.408800 0.408800
0.409000 0.409000 0.409000 0.409000 0.409000 0.409000 0.409000 0.409000 0.409000 0.409000 0.409000 0.409000 0.409000 0.409000 0.409000 0.409000 0.409000 0.409000 0.409000 0.409000 0.409000 0.409000 0.409000 0.409000 0.409000 0.409000 0.409000 0.409000 0.409000 0.409000 0.409000 0.409000 0.409000 0.409000 0.409000 0.409000 0.409000 0.409000 0.409000 0.409000 0.409000 0.409000 0.409000 0.409000 0.409000 0.409000 0.409000 0.409000 0.409000 0.409000
0.409200 0.409200 0.409200 0.409200 0.409200 0.409200 0.409200 0.409200 0.409200 0.409200 0.409200 0.409200 0.409200 0.409200 0.409200 0.409200 0.409200 0.409200 0.409200 0.409200 0.409200 0.409200 0.409200 0.409200 0.409200 0.409200 0.409200 0.409200 0.409200 0.409200 0.409200 0.409200 0.409200 0.409200 0.409200 0.409200 0.409200 0.409200 0.409200 0.409200 0.409200 0.409200 0.409200 0.409200 0.409200 0.409200 0.409200 0.409200 0.409200 0.409200
0.409400 0.409400 0.409400 0.409400 0.409400 0.409400 0.409400 0.409400 0.409400 0.409400 0.409400 0.409400 0.409400 0.409400 0.409400 0.409400 0.409400 0.409400 0.409400 0.409400 0.409400 0.409400 0.409400 0.409400 0.409400 0.409400 0.409400 0.409400 0.409400 0.409400 0.409400 0.409400 0.409400 0.409400 0.409400 0.409400 0.409400 0.409400 0.409400 0.409400 0.409400 0.409400 0.409400 0.409400 0.409400 0.409400 0.409400 0.409400 0.409400 0.409400
0.409600 0.409600 0.409600 0.409600 0.409600 0.409600 0.409600 0.409600 0.409600 0.409600 0.409600 0.409600 0.409600 0.409600 0.409600 0.409600 0.409600 0.409600 0.409600 0.409600 0.409600 0.409600 0.409600 0.409600 0.409600 0.409600 0.409600 0.409600 0.409600 0.409600 0.409600 0.409600 0.409600 0.409600 0.409600 0.409600 0.409600 0.409600 0.409600 0.409600 0.409600 0.409600 0.409600 0.409600 0.409600 0.409600 0.409600 0.409600 0.409600 0.409600
0.409800 0.409800 0.409800 0.409800 0.409800 0.409800 0.409800 0.409800 0.409800 0.409800 0.409800 0.409800 0.409800 0.409800 0.409800 0.409800 0.409800 0.409800 0.409800 0.409800 0.409800 0.409800 0.409800 0.409800 0.409800 0.409800 0.409800 0.409800 0.409800 0.409800 0.409800 0.409800 0.409800 0.409800 0.409800 0.409800 0.409800 0.409800 0.409800 0.409800 0.409800 0.409800 0.409800 0.409800 0.409800 0.409800 0.409800 0.409800 0.409800 0.409800
0.410000 0.410000 0.410000 0.410000 0.410000 0.410000 0.410000 0.410000 0.410000 0.410000 0.410000 0.410000 0.410000 0.410000 0.410000 0.410000 0.410000 0.410000 0.410000 0.410000 0.410000 0.410000 0.410000 0.410000 0.410000 0.410000 0.410000 0.410000 0.410000 0.410000 0.410000 0.410000 0.410000 0.410000 0.410000 0.410000 0.410000 0.410000 0.410000 0.410000 0.410000 0.410000 0.410000 0.410000 0.410000 0.410000 0.410000 0.410000 0.410000 0.410000
0.410200 0.410200 0.410200 0.410200 0.410200 0.410200 0.410200 0.410200 0.410200 0.410200 0.410200 0.410200 0.410200 0.410200 0.410200 0.410200 0.410200 0.410200 0.410200 0.410200 0.410200 0.410200 0.410200 0.410200 0.410200 0.410200 0.410200 0.410200 0.410200 0.410200 0.410200 0.410200 0.410200 0.410200 0.410200 0.410200 0.410200 0.410200 0.410200 0.410200 0.410200 0.410200 0.410200 0.410200 0.410200 0.410200 0.410200 0.410200 0.410200 0.410200
0.410400 0.410400 0.410400 0.410400 0.410400 0.410400 0.410400 0.410400 0.410400 0.410400 0.410400 0.410400 0.410400 0.410400 0.410400 0.410400 0.410400 0.410400 0.410400 0.410400 0.410400 0.410400 0.410400 0.410400 0.410400 0.410400 0.410400 0.410400 0.410400 0.410400 0.410400 0.410400 0.410400 0.410400 0.410400 0.410400 0.410400 0.410400 0.410400 0.410400 0.410400 0.410400 0.410400 0.410400 0.410400 0.410400 0.410400 0.410400 0.410400 0.410400
0.410600 0.410600 0.410600 0.410600 0.410600 0.410600 0.410600 0.410600 0.410600 0.410600 0.410600 0.410600 0.410600 0.410600 0.410600 0.410600 0.410600 0.410600 0.410600 0.410600 0.410600 0.410600 0.410600 0.410600 0.410600 0.410600 0.410600 0.410600 0.410600 0.410600 0.410600 0.410600 0.410600 0.410600 0.410600 0.410600 0.410600 0.410600 0.410600 0.410600 0.410600 0.410600 0.410600 0.410600 0.410600 0.410600 0.410600 0.410600 0.410600 0.410600
0.410800 0.410800 0.410800 0.410800 0.410800 0.410800 0.410800 0.410800 0.410800 0.410800 0.410800 0.410800 0.410800 0.410800 0.410800 0.410800 0.410800 0.410800 0.410800 0.410800 0.410800 0.410800 0.410800 0.410800 0.410800 0.410800 0.410800 0.410800 0.410800 0.410800 0.410800 0.410800 0.410800 0.410800 0.410800 0.410800 0.410800 0.410800 0.410800 0.410800 0.410800 0.410800 0.410800 0.410800 0.410800 0.410800 0.410800 0.410800 0.410800 0.410800
0.411000 0.411000 0.411000 0.411000 0.411000 0.411000 0.411000 0.411000 0.411000 0.411000 0.411000 0.411000 0.411000 0.411000 0.411000 0.411000 0.411000 0.411000 0.411000 0.411000 0.411000 0.411000 0.411000 0.411000 0.411000 0.411000 0.411000 0.411000 0.411000 0.411000 0.411000 0.411000 0.411000 0.411000 0.411000 0.411000 0.411000 0.411000 0.411000 0.411000 0.411000 0.411000 0.411000 0.411000 0.411000 0.411000 0.411000 0.411000 0.411000 0.411000
0.411200 0.411200 0.411200 0.411200 0.411200 0.411200 0.411200 0.411200 0.411200 0.411200 0.411200 0.411200 0.411200 0.411200 0.411200 0.411200 0.411200 0.411200 0.411200 0.411200 0.411200 0.411200 0.411200 0.411200 0.411200 0.411200 0.411200 0.411200 0.411200 0.411200 0.411200 0.411200 0.411200 0.411200 0.411200 0.411200 0.411200 0.411200 0.411200 0.411200 0.411200 0.411200 0.411200 0.411200 0.411200 0.411200 0.411200 0.411200 0.411200 0.411200
0.411400 0.411400 0.411400 0.411400 0.411400 0.411400 0.411400 0.411400 0.411400 0.411400 0.411400 0.411400 0.411400 0.411400 0.411400 0.411400 0.411400 0.411400 0.411400 0.411400 0.411400 0.411400 0.411400 0.411400 0.411400 0.411400 0.411400 0.411400 0.411400 0.411400 0.411400 0.411400 0.411400 0.411400 0.411400 0.411400 0.411400 0.411400 0.411400 0.411400 0.411400 0.411400 0.411400 0.411400 0.411400 0.411400 0.411400 0.411400 0.411400 0.411400
0.411600 0.411600 0.411600 0.411600 0.411600 0.411600 0.411600 0.411600 0.411600 0.411600 0.411600 0.411600 0.411600 0.411600 0.411600 0.411600 0.411600 0.411600 0.411600 0.411600 0.411600 0.411600 0.411600 0.411600 0.411600 0.411600 0.411600 0.411600 0.411600 0.411600 0.411600 0.411600 0.411600 0.411600 0.411600 0.411600 0.411600 0.411600 0.411600 0.411600 0.411600 0.411600 0.411600 0.411600 0.411600 0.411600 0.411600 0.411600 0.411600 0.411600
0.411800 0.411800 0.411800 0.411800 0.411800 0.411800 0.411800 0.411800 0.411800 0.411800 0.411800 0.411800 0.411800 0.411800 0.411800 0.411800 0.411800 0.411800 0.411800 0.411800 0.411800 0.411800 0.411800 0.411800 0.411800 0.411800 0.411800 0.411800 0.411800 0.411800 0.411800 0.411800 0.411800 0.411800 0.411800 0.411800 0.411800 0.411800 0.411800 0.411800 0.411800 0.411800 0.411800 0.411800 0.411800 0.411800 0.411800 0.411800 0.411800 0.411800
0.412000 0.412000 0.412000 0.412000 0.412000 0.412000 0.412000 0.412000 0.412000 0.412000 0.412000 0.412000 0.412000 0.412000 0.412000 0.412000 0.412000 0.412000 0.412000 0.412000 0.412000 0.412000 0.412000 0.412000 0.412000 0.412000 0.412000 0.412000 0.412000 0.412000 0.412000 0.412000 0.412000 0.412000 0.412000 0.412000 0.412000 0.412000 0.412000 0.412000 0.412000 0.412000 0.412000 0.412000 0.412000 0.412000 0.412000 0.412000 0.412000 0.412000
0.412200 0.412200 0.412200 0.412200 0.412200 0.412200 0.412200 0.412200 0.412200 0.412200 0.412200 0.412200 0.412200 0.412200 0.412200 0.412200 0.412200 0.412200 0.412200 0.412200 0.412200 0.412200 0.412200 0.412200 0.412200 0.412200 0.412200 0.412200 0.412200 0.412200 0.412200 0.412200 0.412200 0.412200 0.412200 0.412200 0.412200 0.412200 0.412200 0.412200 0.412200 0.412200 0.412200 0.412200 0.412200 0.412200 0.412200 0.412200 0.412200 0.412200
0.412400 0.412400 0.412400 0.412400 0.412400 0.412400 0.412400 0.412400 0.412400 0.412400 0.412400 0.412400 0.412400 0.412400 0.412400 0.412400 0.412400 0.412400 0.412400 0.412400 0.412400 0.412400 0.412400 0.412400 0.412400 0.412400 0.412400 0.412400 0.412400 0.412400 0.412400 0.412400 0.412400 0.412400 0.412400 0.412400 0.412400 0.412400 0.412400 0.412400 0.412400 0.412400 0.412400 0.412400 0.412400 0.412400 0.412400 0.412400 0.412400 0.412400
0.412600 0.412600 0.412600 0.412600 0.412600 0.412600 0.412600 0.412600 0.412600 0.412600 0.412600 0.412600 0.412600 0.412600 0.412600 0.412600 0.412600 0.412600 0.412600 0.412600 0.412600 0.412600 0.412600 0.412600 0.412600 0.412600 0.412600 0.412600 0.412600 0.412600 0.412600 0.412600 0.412600 0.412600 0.412600 0.412600 0.412600 0.412600 0.412600 0.412600 0.412600 0.412600 0.412600 0.412600 0.412600 0.412600 0.412600 0.412600 0.412600 0.412600
0.412800 0.412800 0.412800 0.412800 0.412800 0.412800 0.412800 0.412800 0.412800 0.412800 0.412800 0.412800 0.412800 0.412800 0.412800 0.412800 0.412800 0.412800 0.412800 0.412800 0.412800 0.412800 0.412800 0.412800 0.412800 0.412800 0.412800 0.412800 0.412800 0.412800 0.412800 0.412800 0.412800 0.412800 0.412800 0.412800 0.412800 0.412800 0.412800 0.412800 0.412800 0.412800 0.412800 0.412800 0.412800 0.412800 0.412800 0.412800 0.412800 0.412800
0.413000 0.413000 0.413000 0.413000 0.413000 0.413000 0.413000 0.413000 0.413000 0.413000 0.413000 0.413000 0.413000 0.413000 0.413000 0.413000 0.413000 0.413000 0.413000 0.413000 0.413000 0.413000 0.413000 0.413000 0.413000 0.413000 0.413000 0.413000 0.413000 0.413000 0.413000 0.413000 0.413000 0.413000 0.413000 0.413000 0.413000 0.413000 0.413000 0.413000 0.413000 0.413000 0.413000 0.413000 0.413000 0.413000 0.413000 0.413000 0.413000 0.413000
0.413200 0.413200 0.413200 0.413200 0.413200 0.413200 0.413200 0.413200 0.413200 0.413200 0.413200 0.413200 0.413200 0.413200 0.413200 0.413200 0.413200 0.413200 0.413200 0.413200 0.413200 0.413200 0.413200 0.413200 0.413200 0.413200 0.413200 0.413200 0.413200 0.413200 0.413200 0.413200 0.413200 0.413200 0.413200 0.413200 0.413200 0.413200 0.413200 0.413200 0.413200 0.413200 0.413200 0.413200 0.413200 0.413200 0.413200 0.413200 0.413200 0.413200
0.413400 0.413400 0.413400 0.413400 0.413400 0.413400 0.413400 0.413400 0.413400 0.413400 0.413400 0.413400 0.413400 0.413400 0.413400 0.413400 0.413400 0.413400 0.413400 0.413400 0.413400 0.413400 0.413400 0.413400 0.413400 0.413400 0.413400 0.413400 0.413400 0.413400 0.413400 0.413400 0.413400 0.413400 0.413400 0.413400 0.413400 0.413400 0.413400 0.413400 0.413400 0.413400 0.413400 0.413400 0.413400 0.413400 0.413400 0.413400 0.413400 0.413400
0.413600 0.413600 0.413600 0.413600 0.413600 0.413600 0.413600 0.413600 0.413600 0.413600 0.413600 0.413600 0.413600 0.413600 0.413600 0.413600 0.413600 0.413600 0.413600 0.413600 0.413600 0.413600 0.413600 0.413600 0.413600 0.413600 0.413600 0.413600 0.413600 0.413600 0.413600 0.413600 0.413600 0.413600 0.413600 0.413600 0.413600 0.413600 0.413600 0.413600 0.413600 0.413600 0.413600 0.413600 0.413600 0.413600 0.413600 0.413600 0.413600 0.413600
0.413800 0.413800 0.413800 0.413800 0.413800 0.413800 0.413800 0.413800 0.413800 0.413800 0.413800 0.413800 0.413800 0.413800 0.413800 0.413800 0.413800 0.413800 0.413800 0.413800 0.413800 0.413800 0.413800 0.413800 0.413800 0.413800 0.413800 0.413800 0.413800 0.413800 0.413800 0.413800 0.413800 0.413800 0.413800 0.413800 0.413800 0.413800 0.413800 0.413800 0.413800 0.413800 0.413800 0.413800 0.413800 0.413800 0.413800 0.413800 0.413800 0.413800
0.414000 0.414000 0.414000 0.414000 0.414000 0.414000 0.414000 0.414000 0.414000 0.414000 0.414000 0.414000 0.414000 0.414000 0.414000 0.414000 0.414000 0.414000 0.414000 0.414000 0.414000 0.414000 0.414000 0.414000 0.414000 0.414000 0.414000 0.414000 0.414000 0.414000 0.414000 0.414000 0.414000 0.414000 0.414000 0.414000 0.414000 0.414000 0.414000 0.414000 0.414000 0.414000 0.414000 0.414000 0.414000 0.414000 0.414000 0.414000 0.414000 0.414000
0.414200 0.414200 0.414200 0.414200 0.414200 0.414200 0.414200 0.414200 0.414200 0.414200 0.414200 0.414200 0.414200 0.414200 0.414200 0.414200 0.414200 0.414200 0.414200 0.414200 0.414200 0.414200 0.414200 0.414200 0.414200 0.414200 0.414200 0.414200 0.414200 0.414200 0.414200 0.414200 0.414200 0.414200 0.414200 0.414200 0.414200 0.414200 0.414200 0.414200 0.414200 0.414200 0.414200 0.414200 0.414200 0.414200 0.414200 0.414200 0.414200 0.414200
0.414400 0.414400 0.414400 0.414400 0.414400 0.414400 0.414400 0.414400 0.414400 0.414400 0.414400 0.414400 0.414400 0.414400 0.414400 0.414400 0.414400 0.414400 0.414400 0.414400 0.414400 0.414400 0.414400 0.414400 0.414400 0.414400 0.414400 0.414400 0.414400 0.414400 0.414400 0.414400 0.414400 0.414400 0.414400 0.414400 0.414400 0.414400 0.414400 0.414400 0.414400 0.414400 0.414400 0.414400 0.414400 0.414400 0.414400 0.414400 0.414400 0.414400
0.414600 0.414600 0.414600 0.414600 0.414600 0.414600 0.414600 0.414600 0.414600 0.414600 0.414600 0.414600 0.414600 0.414600 0.414600 0.414600 0.414600 0.414600 0.414600 0.414600 0.414600 0.414600 0.414600 0.414600 0.414600 0.414600 0.414600 0.414600 0.414600 0.414600 0.414600 0.414600 0.414600 0.414600 0.414600 0.414600 0.414600 0.414600 0.414600 0.414600 0.414600 0.414600 0.414600 0.414600 0.414600 0.414600 0.414600 0.414600 0.414600 0.414600
0.414800 0.414800 0.414800 0.414800 0.414800 0.414800 0.414800 0.414800 0.414800 0.414800 0.414800 0.414800 0.414800 0.414800 0.414800 0.414800 0.414800 0.414800 0.414800 0.414800 0.414800 0.414800 0.414800 0.414800 0.414800 0.414800 0.414800 0.414800 0.414800 0.414800 0.414800 0.414800 0.414800 0.414800 0.414800 0.414800 0.414800 0.414800 0.414800 0.414800 0.414800 0.414800 0.414800 0.414800 0.414800 0.414800 0.414800 0.414800 0.414800 0.414800
