0.400000 0.400000 0.400000 0.400000 0.400000 0.400000 0.400000 0.400000 0.400000 0.400000 0.400000 0.400000 0.400000 0.400000 0.400000 0.400000 0.400000 0.400000 0.400000 0.400000 0.400000 0.400000 0.400000 0.400000 0.400000 0.400000 0.400000 0.400000 0.400000 0.400000 0.400000 0.400000 0.400000 0.400000 0.400000 0.400000 0.400000 0.400000 0.400000 0.400000 0.400000 0.400000 0.400000 0.400000 0.400000 0.400000 0.400000 0.400000 0.400000 0.400000
0.404000 0.404000 0.404000 0.404000 0.404000 0.404000 0.404000 0.404000 0.404000 0.404000 0.404000 0.404000 0.404000 0.404000 0.404000 0.404000 0.404000 0.404000 0.404000 0.404000 0.404000 0.404000 0.404000 0.404000 0.404000 0.404000 0.404000 0.404000 0.404000 0.404000 0.404000 0.404000 0.404000 0.404000 0.404000 0.404000 0.404000 0.404000 0.404000 0.404000 0.404000 0.404000 0.404000 0.404000 0.404000 0.404000 0.404000 0.404000 0.404000 0.404000
0.408000 0.408000 0.408000 0.408000 0.408000 0.408000 0.408000 0.408000 0.408000 0.408000 0.408000 0.408000 0.408000 0.408000 0.408000 0.408000 0.408000 0.408000 0.408000 0.408000 0.408000 0.408000 0.408000 0.408000 0.408000 0.408000 0.408000 0.408000 0.408000 0.408000 0.408000 0.408000 0.408000 0.408000 0.408000 0.408000 0.408000 0.408000 0.408000 0.408000 0.408000 0.408000 0.408000 0.408000 0.408000 0.408000 0.408000 0.408000 0.408000 0.408000
0.412000 0.412000 0.412000 0.412000 0.412000 0.412000 0.412000 0.412000 0.412000 0.412000 0.412000 0.412000 0.412000 0.412000 0.412000 0.412000 0.412000 0.412000 0.412000 0.412000 0.412000 0.412000 0.412000 0.412000 0.412000 0.412000 0.412000 0.412000 0.412000 0.412000 0.412000 0.412000 0.412000 0.412000 0.412000 0.412000 0.412000 0.412000 0.412000 0.412000 0.412000 0.412000 0.412000 0.412000 0.412000 0.412000 0.412000 0.412000 0.412000 0.412000
0.416000 0.416000 0.416000 0.416000 0.416000 0.416000 0.416000 0.416000 0.416000 0.416000 0.416000 0.416000 0.416000 0.416000 0.416000 0.416000 0.416000 0.416000 0.416000 0.416000 0.416000 0.416000 0.416000 0.416000 0.416000 0.416000 0.416000 0.416000 0.416000 0.416000 0.416000 0.416000 0.416000 0.416000 0.416000 0.416000 0.416000 0.416000 0.416000 0.416000 0.416000 0.416000 0.416000 0.416000 0.416000 0.416000 0.416000 0.416000 0.416000 0.416000
0.420000 0.420000 0.420000 0.420000 0.420000 0.420000 0.420000 0.420000 0.420000 0.420000 0.420000 0.420000 0.420000 0.420000 0.420000 0.420000 0.420000 0.420000 0.420000 0.420000 0.420000 0.420000 0.420000 0.420000 0.420000 0.420000 0.420000 0.420000 0.420000 0.420000 0.420000 0.420000 0.420000 0.420000 0.420000 0.420000 0.420000 0.420000 0.420000 0.420000 0.420000 0.420000 0.420000 0.420000 0.420000 0.420000 0.420000 0.420000 0.420000 0.420000
0.424000 0.424000 0.424000 0.424000 0.424000 0.424000 0.424000 0.424000 0.424000 0.424000 0.424000 0.424000 0.424000 0.424000 0.424000 0.424000 0.424000 0.424000 0.424000 0.424000 0.424000 0.424000 0.424000 0.424000 0.424000 0.424000 0.424000 0.424000 0.424000 0.424000 0.424000 0.424000 0.424000 0.424000 0.424000 0.424000 0.424000 0.424000 0.424000 0.424000 0.424000 0.424000 0.424000 0.424000 0.424000 0.424000 0.424000 0.424000 0.424000 0.424000
0.428000 0.428000 0.428000 0.428000 0.428000 0.428000 0.428000 0.428000 0.428000 0.428000 0.428000 0.428000 0.428000 0.428000 0.428000 0.428000 0.428000 0.428000 0.428000 0.428000 0.428000 0.428000 0.428000 0.428000 0.428000 0.428000 0.428000 0.428000 0.428000 0.428000 0.428000 0.428000 0.428000 0.428000 0.428000 0.428000 0.428000 0.428000 0.428000 0.428000 0.428000 0.428000 0.428000 0.428000 0.428000 0.428000 0.428000 0.428000 0.428000 0.428000
0.432000 0.432000 0.432000 0.432000 0.432000 0.432000 0.432000 0.432000 0.432000 0.432000 0.432000 0.432000 0.432000 0.432000 0.432000 0.432000 0.432000 0.432000 0.432000 0.432000 0.432000 0.432000 0.432000 0.432000 0.432000 0.432000 0.432000 0.432000 0.432000 0.432000 0.432000 0.432000 0.432000 0.432000 0.432000 0.432000 0.432000 0.432000 0.432000 0.432000 0.432000 0.432000 0.432000 0.432000 0.432000 0.432000 0.432000 0.432000 0.432000 0.432000
0.436000 0.436000 0.436000 0.436000 0.436000 0.436000 0.436000 0.436000 0.436000 0.436000 0.436000 0.436000 0.436000 0.436000 0.436000 0.436000 0.436000 0.436000 0.436000 0.436000 0.436000 0.436000 0.436000 0.436000 0.436000 0.436000 0.436000 0.436000 0.436000 0.436000 0.436000 0.436000 0.436000 0.436000 0.436000 0.436000 0.436000 0.436000 0.436000 0.436000 0.436000 0.436000 0.436000 0.436000 0.436000 0.436000 0.436000 0.436000 0.436000 0.436000
0.440000 0.440000 0.440000 0.440000 0.440000 0.440000 0.440000 0.440000 0.440000 0.440000 0.440000 0.440000 0.440000 0.440000 0.440000 0.440000 0.440000 0.440000 0.440000 0.440000 0.440000 0.440000 0.440000 0.440000 0.440000 0.440000 0.440000 0.440000 0.440000 0.440000 0.440000 0.440000 0.440000 0.440000 0.440000 0.440000 0.440000 0.440000 0.440000 0.440000 0.440000 0.440000 0.440000 0.440000 0.440000 0.440000 0.440000 0.440000 0.440000 0.440000
0.444000 0.444000 0.444000 0.444000 0.444000 0.444000 0.444000 0.444000 0.444000 0.444000 0.444000 0.444000 0.444000 0.444000 0.444000 0.444000 0.444000 0.444000 0.444000 0.444000 0.444000 0.444000 0.444000 0.444000 0.444000 0.444000 0.444000 0.444000 0.444000 0.444000 0.444000 0.444000 0.444000 0.444000 0.444000 0.444000 0.444000 0.444000 0.444000 0.444000 0.444000 0.444000 0.444000 0.444000 0.444000 0.444000 0.444000 0.444000 0.444000 0.444000
0.448000 0.448000 0.448000 0.448000 0.448000 0.448000 0.448000 0.448000 0.448000 0.448000 0.448000 0.448000 0.448000 0.448000 0.448000 0.448000 0.448000 0.448000 0.448000 0.448000 0.448000 0.448000 0.448000 0.448000 0.448000 0.448000 0.448000 0.448000 0.448000 0.448000 0.448000 0.448000 0.448000 0.448000 0.448000 0.448000 0.448000 0.448000 0.448000 0.448000 0.448000 0.448000 0.448000 0.448000 0.448000 0.448000 0.448000 0.448000 0.448000 0.448000
0.452000 0.452000 0.452000 0.452000 0.452000 0.452000 0.452000 0.452000 0.452000 0.452000 0.452000 0.452000 0.452000 0.452000 0.452000 0.452000 0.452000 0.452000 0.452000 0.452000 0.452000 0.452000 0.452000 0.452000 0.452000 0.452000 0.452000 0.452000 0.452000 0.452000 0.452000 0.452000 0.452000 0.452000 0.452000 0.452000 0.452000 0.452000 0.452000 0.452000 0.452000 0.452000 0.452000 0.452000 0.452000 0.452000 0.452000 0.452000 0.452000 0.452000
0.456000 0.456000 0.456000 0.456000 0.456000 0.456000 0.456000 0.456000 0.456000 0.456000 0.456000 0.456000 0.456000 0.456000 0.456000 0.456000 0.456000 0.456000 0.456000 0.456000 0.456000 0.456000 0.456000 0.456000 0.456000 0.456000 0.456000 0.456000 0.456000 0.456000 0.456000 0.456000 0.456000 0.456000 0.456000 0.456000 0.456000 0.456000 0.456000 0.456000 0.456000 0.456000 0.456000 0.456000 0.456000 0.456000 0.456000 0.456000 0.456000 0.456000
0.460000 0.460000 0.460000 0.460000 0.460000 0.460000 0.460000 0.460000 0.460000 0.460000 0.460000 0.460000 0.460000 0.460000 0.460000 0.460000 0.460000 0.460000 0.460000 0.460000 0.460000 0.460000 0.460000 0.460000 0.460000 0.460000 0.460000 0.460000 0.460000 0.460000 0.460000 0.460000 0.460000 0.460000 0.460000 0.460000 0.460000 0.460000 0.460000 0.460000 0.460000 0.460000 0.460000 0.460000 0.460000 0.460000 0.460000 0.460000 0.460000 0.460000
0.464000 0.464000 0.464000 0.464000 0.464000 0.464000 0.464000 0.464000 0.464000 0.464000 0.464000 0.464000 0.464000 0.464000 0.464000 0.464000 0.464000 0.464000 0.464000 0.464000 0.464000 0.464000 0.464000 0.464000 0.464000 0.464000 0.464000 0.464000 0.464000 0.464000 0.464000 0.464000 0.464000 0.464000 0.464000 0.464000 0.464000 0.464000 0.464000 0.464000 0.464000 0.464000 0.464000 0.464000 0.464000 0.464000 0.464000 0.464000 0.464000 0.464000
0.468000 0.468000 0.468000 0.468000 0.468000 0.468000 0.468000 0.468000 0.468000 0.468000 0.468000 0.468000 0.468000 0.468000 0.468000 0.468000 0.468000 0.468000 0.468000 0.468000 0.468000 0.468000 0.468000 0.468000 0.468000 0.468000 0.468000 0.468000 0.468000 0.468000 0.468000 0.468000 0.468000 0.468000 0.468000 0.468000 0.468000 0.468000 0.468000 0.468000 0.468000 0.468000 0.468000 0.468000 0.468000 0.468000 0.468000 0.468000 0.468000 0.468000
0.472000 0.472000 0.472000 0.472000 0.472000 0.472000 0.472000 0.472000 0.472000 0.472000 0.472000 0.472000 0.472000 0.472000 0.472000 0.472000 0.472000 0.472000 0.472000 0.472000 0.472000 0.472000 0.472000 0.472000 0.472000 0.472000 0.472000 0.472000 0.472000 0.472000 0.472000 0.472000 0.472000 0.472000 0.472000 0.472000 0.472000 0.472000 0.472000 0.472000 0.472000 0.472000 0.472000 0.472000 0.472000 0.472000 0.472000 0.472000 0.472000 0.472000
0.476000 0.476000 0.476000 0.476000 0.476000 0.476000 0.476000 0.476000 0.476000 0.476000 0.476000 0.476000 0.476000 0.476000 0.476000 0.476000 0.476000 0.476000 0.476000 0.476000 0.476000 0.476000 0.476000 0.476000 0.476000 0.476000 0.476000 0.476000 0.476000 0.476000 0.476000 0.476000 0.476000 0.476000 0.476000 0.476000 0.476000 0.476000 0.476000 0.476000 0.476000 0.476000 0.476000 0.476000 0.476000 0.476000 0.476000 0.476000 0.476000 0.476000
0.480000 0.480000 0.480000 0.480000 0.480000 0.480000 0.480000 0.480000 0.480000 0.480000 0.480000 0.480000 0.480000 0.480000 0.480000 0.480000 0.480000 0.480000 0.480000 0.480000 0.480000 0.480000 0.480000 0.480000 0.480000 0.480000 0.480000 0.480000 0.480000 0.480000 0.480000 0.480000 0.480000 0.480000 0.480000 0.480000 0.480000 0.480000 0.480000 0.480000 0.480000 0.480000 0.480000 0.480000 0.480000 0.480000 0.480000 0.480000 0.480000 0.480000
0.484000 0.484000 0.484000 0.484000 0.484000 0.484000 0.484000 0.484000 0.484000 0.484000 0.484000 0.484000 0.484000 0.484000 0.484000 0.484000 0.484000 0.484000 0.484000 0.484000 0.484000 0.484000 0.484000 0.484000 0.484000 0.484000 0.484000 0.484000 0.484000 0.484000 0.484000 0.484000 0.484000 0.484000 0.484000 0.484000 0.484000 0.484000 0.484000 0.484000 0.484000 0.484000 0.484000 0.484000 0.484000 0.484000 0.484000 0.484000 0.484000 0.484000
0.488000 0.488000 0.488000 0.488000 0.488000 0.488000 0.488000 0.488000 0.488000 0.488000 0.488000 0.488000 0.488000 0.488000 0.488000 0.488000 0.488000 0.488000 0.488000 0.488000 0.488000 0.488000 0.488000 0.488000 0.488000 0.488000 0.488000 0.488000 0.488000 0.488000 0.488000 0.488000 0.488000 0.488000 0.488000 0.488000 0.488000 0.488000 0.488000 0.488000 0.488000 0.488000 0.488000 0.488000 0.488000 0.488000 0.488000 0.488000 0.488000 0.488000
0.492000 0.492000 0.492000 0.492000 0.492000 0.492000 0.492000 0.492000 0.492000 0.492000 0.492000 0.492000 0.492000 0.492000 0.492000 0.492000 0.492000 0.492000 0.492000 0.492000 0.492000 0.492000 0.492000 0.492000 0.492000 0.492000 0.492000 0.492000 0.492000 0.492000 0.492000 0.492000 0.492000 0.492000 0.492000 0.492000 0.492000 0.492000 0.492000 0.492000 0.492000 0.492000 0.492000 0.492000 0.492000 0.492000 0.492000 0.492000 0.492000 0.492000
0.496000 0.496000 0.496000 0.496000 0.496000 0.496000 0.496000 0.496000 0.496000 0.496000 0.496000 0.496000 0.496000 0.496000 0.496000 0.496000 0.496000 0.496000 0.496000 0.496000 0.496000 0.496000 0.496000 0.496000 0.496000 0.496000 0.496000 0.496000 0.496000 0.496000 0.496000 0.496000 0.496000 0.496000 0.496000 0.496000 0.496000 0.496000 0.496000 0.496000 0.496000 0.496000 0.496000 0.496000 0.496000 0.496000 0.496000 0.496000 0.496000 0.496000
0.500000 0.500000 0.500000 0.500000 0.500000 0.500000 0.500000 0.500000 0.500000 0.500000 0.500000 0.500000 0.500000 0.500000 0.500000 0.500000 0.500000 0.500000 0.500000 0.500000 0.500000 0.500000 0.500000 0.500000 0.500000 0.500000 0.500000 0.500000 0.500000 0.500000 0.500000 0.500000 0.500000 0.500000 0.500000 0.500000 0.500000 0.500000 0.500000 0.500000 0.500000 0.500000 0.500000 0.500000 0.500000 0.500000 0.500000 0.500000 0.500000 0.500000
0.504000 0.504000 0.504000 0.504000 0.504000 0.504000 0.504000 0.504000 0.504000 0.504000 0.504000 0.504000 0.504000 0.504000 0.504000 0.504000 0.504000 0.504000 0.504000 0.504000 0.504000 0.504000 0.504000 0.504000 0.504000 0.504000 0.504000 0.504000 0.504000 0.504000 0.504000 0.504000 0.504000 0.504000 0.504000 0.504000 0.504000 0.504000 0.504000 0.504000 0.504000 0.504000 0.504000 0.504000 0.504000 0.504000 0.504000 0.504000 0.504000 0.504000
0.508000 0.508000 0.508000 0.508000 0.508000 0.508000 0.508000 0.508000 0.508000 0.508000 0.508000 0.508000 0.508000 0.508000 0.508000 0.508000 0.508000 0.508000 0.508000 0.508000 0.508000 0.508000 0.508000 0.508000 0.508000 0.508000 0.508000 0.508000 0.508000 0.508000 0.508000 0.508000 0.508000 0.508000 0.508000 0.508000 0.508000 0.508000 0.508000 0.508000 0.508000 0.508000 0.508000 0.508000 0.508000 0.508000 0.508000 0.508000 0.508000 0.508000
0.512000 0.512000 0.512000 0.512000 0.512000 0.512000 0.512000 0.512000 0.512000 0.512000 0.512000 0.512000 0.512000 0.512000 0.512000 0.512000 0.512000 0.512000 0.512000 0.512000 0.512000 0.512000 0.512000 0.512000 0.512000 0.512000 0.512000 0.512000 0.512000 0.512000 0.512000 0.512000 0.512000 0.512000 0.512000 0.512000 0.512000 0.512000 0.512000 0.512000 0.512000 0.512000 0.512000 0.512000 0.512000 0.512000 0.512000 0.512000 0.512000 0.512000
0.516000 0.516000 0.516000 0.516000 0.516000 0.516000 0.516000 0.516000 0.516000 0.516000 0.516000 0.516000 0.516000 0.516000 0.516000 0.516000 0.516000 0.516000 0.516000 0.516000 0.516000 0.516000 0.516000 0.516000 0.516000 0.516000 0.516000 0.516000 0.516000 0.516000 0.516000 0.516000 0.516000 0.516000 0.516000 0.516000 0.516000 0.516000 0.516000 0.516000 0.516000 0.516000 0.516000 0.516000 0.516000 0.516000 0.516000 0.516000 0.516000 0.516000
0.520000 0.520000 0.520000 0.520000 0.520000 0.520000 0.520000 0.520000 0.520000 0.520000 0.520000 0.520000 0.520000 0.520000 0.520000 0.520000 0.520000 0.520000 0.520000 0.520000 0.520000 0.520000 0.520000 0.520000 0.520000 0.520000 0.520000 0.520000 0.520000 0.520000 0.520000 0.520000 0.520000 0.520000 0.520000 0.520000 0.520000 0.520000 0.520000 0.520000 0.520000 0.520000 0.520000 0.520000 0.520000 0.520000 0.520000 0.520000 0.520000 0.520000
0.524000 0.524000 0.524000 0.524000 0.524000 0.524000 0.524000 0.524000 0.524000 0.524000 0.524000 0.524000 0.524000 0.524000 0.524000 0.524000 0.524000 0.524000 0.524000 0.524000 0.524000 0.524000 0.524000 0.524000 0.524000 0.524000 0.524000 0.524000 0.524000 0.524000 0.524000 0.524000 0.524000 0.524000 0.524000 0.524000 0.524000 0.524000 0.524000 0.524000 0.524000 0.524000 0.524000 0.524000 0.524000 0.524000 0.524000 0.524000 0.524000 0.524000
0.528000 0.528000 0.528000 0.528000 0.528000 0.528000 0.528000 0.528000 0.528000 0.528000 0.528000 0.528000 0.528000 0.528000 0.528000 0.528000 0.528000 0.528000 0.528000 0.528000 0.528000 0.528000 0.528000 0.528000 0.528000 0.528000 0.528000 0.528000 0.528000 0.528000 0.528000 0.528000 0.528000 0.528000 0.528000 0.528000 0.528000 0.528000 0.528000 0.528000 0.528000 0.528000 0.528000 0.528000 0.528000 0.528000 0.528000 0.528000 0.528000 0.528000
0.532000 0.532000 0.532000 0.532000 0.532000 0.532000 0.532000 0.532000 0.532000 0.532000 0.532000 0.532000 0.532000 0.532000 0.532000 0.532000 0.532000 0.532000 0.532000 0.532000 0.532000 0.532000 0.532000 0.532000 0.532000 0.532000 0.532000 0.532000 0.532000 0.532000 0.532000 0.532000 0.532000 0.532000 0.532000 0.532000 0.532000 0.532000 0.532000 0.532000 0.532000 0.532000 0.532000 0.532000 0.532000 0.532000 0.532000 0.532000 0.532000 0.532000
0.536000 0.536000 0.536000 0.536000 0.536000 0.536000 0.536000 0.536000 0.536000 0.536000 0.536000 0.536000 0.536000 0.536000 0.536000 0.536000 0.536000 0.536000 0.536000 0.536000 0.536000 0.536000 0.536000 0.536000 0.536000 0.536000 0.536000 0.536000 0.536000 0.536000 0.536000 0.536000 0.536000 0.536000 0.536000 0.536000 0.536000 0.536000 0.536000 0.536000 0.536000 0.536000 0.536000 0.536000 0.536000 0.536000 0.536000 0.536000 0.536000 0.536000
0.540000 0.540000 0.540000 0.540000 0.540000 0.540000 0.540000 0.540000 0.540000 0.540000 0.540000 0.540000 0.540000 0.540000 0.540000 0.540000 0.540000 0.540000 0.540000 0.540000 0.540000 0.540000 0.540000 0.540000 0.540000 0.540000 0.540000 0.540000 0.540000 0.540000 0.540000 0.540000 0.540000 0.540000 0.540000 0.540000 0.540000 0.540000 0.540000 0.540000 0.540000 0.540000 0.540000 0.540000 0.540000 0.540000 0.540000 0.540000 0.540000 0.540000
0.544000 0.544000 0.544000 0.544000 0.544000 0.544000 0.544000 0.544000 0.544000 0.544000 0.544000 0.544000 0.544000 0.544000 0.544000 0.544000 0.544000 0.544000 0.544000 0.544000 0.544000 0.544000 0.544000 0.544000 0.544000 0.544000 0.544000 0.544000 0.544000 0.544000 0.544000 0.544000 0.544000 0.544000 0.544000 0.544000 0.544000 0.544000 0.544000 0.544000 0.544000 0.544000 0.544000 0.544000 0.544000 0.544000 0.544000 0.544000 0.544000 0.544000
0.548000 0.548000 0.548000 0.548000 0.548000 0.548000 0.548000 0.548000 0.548000 0.548000 0.548000 0.548000 0.548000 0.548000 0.548000 0.548000 0.548000 0.548000 0.548000 0.548000 0.548000 0.548000 0.548000 0.548000 0.548000 0.548000 0.548000 0.548000 0.548000 0.548000 0.548000 0.548000 0.548000 0.548000 0.548000 0.548000 0.548000 0.548000 0.548000 0.548000 0.548000 0.548000 0.548000 0.548000 0.548000 0.548000 0.548000 0.548000 0.548000 0.548000
0.552000 0.552000 0.552000 0.552000 0.552000 0.552000 0.552000 0.552000 0.552000 0.552000 0.552000 0.552000 0.552000 0.552000 0.552000 0.552000 0.552000 0.552000 0.552000 0.552000 0.552000 0.552000 0.552000 0.552000 0.552000 0.552000 0.552000 0.552000 0.552000 0.552000 0.552000 0.552000 0.552000 0.552000 0.552000 0.552000 0.552000 0.552000 0.552000 0.552000 0.552000 0.552000 0.552000 0.552000 0.552000 0.552000 0.552000 0.552000 0.552000 0.552000
0.556000 0.556000 0.556000 0.556000 0.556000 0.556000 0.556000 0.556000 0.556000 0.556000 0.556000 0.556000 0.556000 0.556000 0.556000 0.556000 0.556000 0.556000 0.556000 0.556000 0.556000 0.556000 0.556000 0.556000 0.556000 0.556000 0.556000 0.556000 0.556000 0.556000 0.556000 0.556000 0.556000 0.556000 0.556000 0.556000 0.556000 0.556000 0.556000 0.556000 0.556000 0.556000 0.556000 0.556000 0.556000 0.556000 0.556000 0.556000 0.556000 0.556000
0.560000 0.560000 0.560000 0.560000 0.560000 0.560000 0.560000 0.560000 0.560000 0.560000 0.560000 0.560000 0.560000 0.560000 0.560000 0.560000 0.560000 0.560000 0.560000 0.560000 0.560000 0.560000 0.560000 0.560000 0.560000 0.560000 0.560000 0.560000 0.560000 0.560000 0.560000 0.560000 0.560000 0.560000 0.560000 0.560000 0.560000 0.560000 0.560000 0.560000 0.560000 0.560000 0.560000 0.560000 0.560000 0.560000 0.560000 0.560000 0.560000 0.560000
0.564000 0.564000 0.564000 0.564000 0.564000 0.564000 0.564000 0.564000 0.564000 0.564000 0.564000 0.564000 0.564000 0.564000 0.564000 0.564000 0.564000 0.564000 0.564000 0.564000 0.564000 0.564000 0.564000 0.564000 0.564000 0.564000 0.564000 0.564000 0.564000 0.564000 0.564000 0.564000 0.564000 0.564000 0.564000 0.564000 0.564000 0.564000 0.564000 0.564000 0.564000 0.564000 0.564000 0.564000 0.564000 0.564000 0.564000 0.564000 0.564000 0.564000
0.568000 0.568000 0.568000 0.568000 0.568000 0.568000 0.568000 0.568000 0.568000 0.568000 0.568000 0.568000 0.568000 0.568000 0.568000 0.568000 0.568000 0.568000 0.568000 0.568000 0.568000 0.568000 0.568000 0.568000 0.568000 0.568000 0.568000 0.568000 0.568000 0.568000 0.568000 0.568000 0.568000 0.568000 0.568000 0.568000 0.568000 0.568000 0.568000 0.568000 0.568000 0.568000 0.568000 0.568000 0.568000 0.568000 0.568000 0.568000 0.568000 0.568000
0.572000 0.572000 0.572000 0.572000 0.572000 0.572000 0.572000 0.572000 0.572000 0.572000 0.572000 0.572000 0.572000 0.572000 0.572000 0.572000 0.572000 0.572000 0.572000 0.572000 0.572000 0.572000 0.572000 0.572000 0.572000 0.572000 0.572000 0.572000 0.572000 0.572000 0.572000 0.572000 0.572000 0.572000 0.572000 0.572000 0.572000 0.572000 0.572000 0.572000 0.572000 0.572000 0.572000 0.572000 0.572000 0.572000 0.572000 0.572000 0.572000 0.572000
0.576000 0.576000 0.576000 0.576000 0.576000 0.576000 0.576000 0.576000 0.576000 0.576000 0.576000 0.576000 0.576000 0.576000 0.576000 0.576000 0.576000 0.576000 0.576000 0.576000 0.576000 0.576000 0.576000 0.576000 0.576000 0.576000 0.576000 0.576000 0.576000 0.576000 0.576000 0.576000 0.576000 0.576000 0.576000 0.576000 0.576000 0.576000 0.576000 0.576000 0.576000 0.576000 0.576000 0.576000 0.576000 0.576000 0.576000 0.576000 0.576000 0.576000
0.580000 0.580000 0.580000 0.580000 0.580000 0.580000 0.580000 0.580000 0.580000 0.580000 0.580000 0.580000 0.580000 0.580000 0.580000 0.580000 0.580000 0.580000 0.580000 0.580000 0.580000 0.580000 0.580000 0.580000 0.580000 0.580000 0.580000 0.580000 0.580000 0.580000 0.580000 0.580000 0.580000 0.580000 0.580000 0.580000 0.580000 0.580000 0.580000 0.580000 0.580000 0.580000 0.580000 0.580000 0.580000 0.580000 0.580000 0.580000 0.580000 0.580000
0.584000 0.584000 0.584000 0.584000 0.584000 0.584000 0.584000 0.584000 0.584000 0.584000 0.584000 0.584000 0.584000 0.584000 0.584000 0.584000 0.584000 0.584000 0.584000 0.584000 0.584000 0.584000 0.584000 0.584000 0.584000 0.584000 0.584000 0.584000 0.584000 0.584000 0.584000 0.584000 0.584000 0.584000 0.584000 0.584000 0.584000 0.584000 0.584000 0.584000 0.584000 0.584000 0.584000 0.584000 0.584000 0.584000 0.584000 0.584000 0.584000 0.584000
0.588000 0.588000 0.588000 0.588000 0.588000 0.588000 0.588000 0.588000 0.588000 0.588000 0.588000 0.588000 0.588000 0.588000 0.588000 0.588000 0.588000 0.588000 0.588000 0.588000 0.588000 0.588000 0.588000 0.588000 0.588000 0.588000 0.588000 0.588000 0.588000 0.588000 0.588000 0.588000 0.588000 0.588000 0.588000 0.588000 0.588000 0.588000 0.588000 0.588000 0.588000 0.588000 0.588000 0.588000 0.588000 0.588000 0.588000 0.588000 0.588000 0.588000
0.592000 0.592000 0.592000 0.592000 0.592000 0.592000 0.592000 0.592000 0.592000 0.592000 0.592000 0.592000 0.592000 0.592000 0.592000 0.592000 0.592000 0.592000 0.592000 0.592000 0.592000 0.592000 0.592000 0.592000 0.592000 0.592000 0.592000 0.592000 0.592000 0.592000 0.592000 0.592000 0.592000 0.592000 0.592000 0.592000 0.592000 0.592000 0.592000 0.592000 0.592000 0.592000 0.592000 0.592000 0.592000 0.592000 0.592000 0.592000 0.592000 0.592000
0.596000 0.596000 0.596000 0.596000 0.596000 0.596000 0.596000 0.596000 0.596000 0.596000 0.596000 0.596000 0.596000 0.596000 0.596000 0.596000 0.596000 0.596000 0.596000 0.596000 0.596000 0.596000 0.596000 0.596000 0.596000 0.596000 0.596000 0.596000 0.596000 0.596000 0.596000 0.596000 0.596000 0.596000 0.596000 0.596000 0.596000 0.596000 0.596000 0.596000 0.596000 0.596000 0.596000 0.596000 0.596000 0.596000 0.596000 0.596000 0.596000 0.596000
