3.324463885770842619e+00
3.324463885770842619e+00
3.256737826797631907e+00
3.186727267707161193e+00
3.114393695960503639e+00
3.039778682081990979e+00
2.963063745500527979e+00
2.884664586455846891e+00
2.805368481754823673e+00
2.726503466160319800e+00
2.650066312944238778e+00
2.578629820434451769e+00
2.514819827006486097e+00
2.460453533401615100e+00
2.415929944790806694e+00
2.380365359759118338e+00
2.352229461541890831e+00
2.329927268123565209e+00
2.312091772120580924e+00
2.297653672415568504e+00
2.285810165337479383e+00
2.275967247199281118e+00
2.267685642136243462e+00
2.260638292968518481e+00
2.254579158483558388e+00
2.249320928189604274e+00
2.244719233702522132e+00
2.240661443150245180e+00
2.237058653321623680e+00
2.233839912321596621e+00
