2.888473737960975729e+00
2.888473737960975729e+00
2.840796935028966352e+00
2.791728561511324536e+00
2.741222807456966226e+00
2.689249957089526522e+00
2.635806804909483159e+00
2.580931811540984722e+00
2.524726548115835190e+00
2.467384748912108794e+00
2.409228918003457842e+00
2.350750720110510450e+00
2.292644047628824566e+00
2.235809254397368218e+00
2.181299966721934602e+00
2.130194351646668594e+00
2.083411465951442665e+00
2.041541643439770848e+00
2.004768838269533227e+00
1.972910723097262453e+00
1.945535681992529353e+00
1.922092483237068272e+00
1.902010132081343396e+00
1.884757122034050436e+00
1.869867879541408762e+00
1.856948712239869570e+00
1.845673253803516767e+00
1.835773696100292174e+00
1.827031174485510112e+00
1.819266851822539444e+00
