3.162391123460324138e+00
3.162391123460324138e+00
3.104286020318577144e+00
3.044464775465556272e+00
2.982911118757737956e+00
2.919655195028288741e+00
2.854800409651825799e+00
2.788561801018889064e+00
2.721317717608879416e+00
2.653672131855761673e+00
2.586513830227081367e+00
2.521039162370488640e+00
2.458685355431712072e+00
2.400930886811795339e+00
2.348991693691206528e+00
2.303546539296297713e+00
2.264643401742357565e+00
2.231817177494501703e+00
2.204313541662958009e+00
2.181294752343975851e+00
2.161970041681172905e+00
2.145654421197479511e+00
2.131781840831064923e+00
2.119896053474055186e+00
2.109633576363029839e+00
2.100705872820955999e+00
2.092883610423509122e+00
2.085983753798830609e+00
2.079859365516398384e+00
2.074391692658820396e+00
