3.475626082580030918e+00
3.475626082580030918e+00
3.392698337997289038e+00
3.305687064733643155e+00
3.214115988514625322e+00
3.117458187439320572e+00
3.015183534386297382e+00
2.906926061141668960e+00
2.793044516594021420e+00
2.676539981338104113e+00
2.568803609950402578e+00
2.492909509390286882e+00
2.454333363709082061e+00
2.435756760978487812e+00
2.425677552287019978e+00
2.419518084679225911e+00
2.415406942585765826e+00
2.412481832890903899e+00
2.410299476116839035e+00
2.408611125221602922e+00
2.407267193527100613e+00
2.406172613903587720e+00
2.405264195725763443e+00
2.404498352460793686e+00
2.403844073034661744e+00
2.403278705366481915e+00
2.402785325175393893e+00
2.402351037427362002e+00
2.401965847099490681e+00
2.401621888845004271e+00
