2.374728322020301707e+00
2.374728322020301707e+00
2.335478570222836225e+00
2.294628329574523562e+00
2.252016496395605749e+00
2.207457972135243196e+00
2.160740088130105541e+00
2.111619494203349490e+00
2.059821030254001428e+00
2.005042109891264523e+00
1.946970634331404160e+00
1.885334366889414470e+00
1.820020549396018206e+00
1.751341712566797826e+00
1.680553835947360630e+00
1.610586787816714827e+00
1.546225321462013857e+00
1.492277541546583652e+00
1.450623821386797019e+00
1.419839657170701708e+00
1.397234329042307932e+00
1.380388034852493728e+00
1.367546225094177004e+00
1.357522476748586504e+00
1.349524238751454552e+00
1.343016146399712785e+00
1.337629311070152038e+00
1.333103823542719280e+00
1.329252476471810773e+00
1.325937604842654993e+00
