3.001483597252479818e+00
3.001483597252479818e+00
2.950116633077564554e+00
2.897272790485548200e+00
2.842920125468915149e+00
2.787052351255935978e+00
2.729703637260747939e+00
2.670969699604528458e+00
2.611036726243605610e+00
2.550218596500147150e+00
2.488999579284751018e+00
2.428072715045387131e+00
2.368353168640959350e+00
2.310936065055549715e+00
2.256973894431267613e+00
2.207484816118519877e+00
2.163158670313595433e+00
2.124250684853595583e+00
2.090605921344846685e+00
2.061779656206172096e+00
2.037181852451699804e+00
2.016192578381941214e+00
1.998231963518829701e+00
1.982791985924743816e+00
1.969444067446853186e+00
1.957834224211757679e+00
1.947673232454758319e+00
1.938725792707115092e+00
1.930800504514719851e+00
1.923741294114470035e+00
