2.945293881314063889e+00
2.945293881314063889e+00
2.895853133894671583e+00
2.844984214292936908e+00
2.792648392433701776e+00
2.738827481138767617e+00
2.683536206639170363e+00
2.626839986487924161e+00
2.568879656828430669e+00
2.509904103610627324e+00
2.450309583119630652e+00
2.390679417088616088e+00
2.331808797018556145e+00
2.274688967756320235e+00
2.220422885131716484e+00
2.170066158592542926e+00
2.124435051197052449e+00
2.083963086733186199e+00
2.048671138064317443e+00
2.018248063782916990e+00
1.992183501288683711e+00
1.969891955402644168e+00
1.950798234690668265e+00
1.934382941928500577e+00
1.920199342354548699e+00
1.907873815938809559e+00
1.897098638199124165e+00
1.887622197073012043e+00
1.879239207204993489e+00
1.871782000022178760e+00
