2.380767826772034468e+00
2.380767826772034468e+00
2.341506679840405170e+00
2.300656044431985237e+00
2.258057893532172233e+00
2.213531220736992378e+00
2.166868867586931646e+00
2.117834992835962993e+00
2.066164773724636916e+00
2.011569932215586665e+00
1.953758058826872146e+00
1.892483143733212358e+00
1.827663952258695490e+00
1.759639421496256295e+00
1.689651413207094777e+00
1.620501664137626641e+00
1.556693131123442431e+00
1.502784620034743224e+00
1.460709330828306562e+00
1.429294332197810435e+00
1.406045294346751406e+00
1.388625673035353225e+00
1.375298630434419689e+00
1.364870619687522879e+00
1.356535746965929601e+00
1.349745651940564173e+00
1.344120559912311386e+00
1.339391909664932268e+00
1.335365739618036063e+00
1.331899128167541413e+00
