3.250939293808063013e+00
3.250939293808063013e+00
3.188065611068021887e+00
3.123233252925125658e+00
3.056424878520916266e+00
2.987686614921014616e+00
2.917168367723430578e+00
2.845183322720791885e+00
2.772289690348421320e+00
2.699387872899770890e+00
2.627800761575462385e+00
2.559262339986575263e+00
2.495713177326610577e+00
2.438874598441924224e+00
2.389775136937917654e+00
2.348530275530433808e+00
2.314497877023664607e+00
2.286636075790879907e+00
2.263825143301974485e+00
2.245051801232423649e+00
2.229475519126649097e+00
2.216429372703168532e+00
2.205395053952511564e+00
2.195972630413492332e+00
2.187853315774456409e+00
2.180797496492183907e+00
2.174617854453628762e+00
2.169166691807321357e+00
2.164326493209953295e+00
2.160002905272184748e+00
