2.761055582895737714e+00
2.761055582895737714e+00
2.716726320883791512e+00
2.671048503412829511e+00
2.623959434769253640e+00
2.575404238091014708e+00
2.525343033688164596e+00
2.473761858872975505e+00
2.420688925416139892e+00
2.366218123100888970e+00
2.310541493180620076e+00
2.253990807290384701e+00
2.197083806578012499e+00
2.140561357334244796e+00
2.085388672915475361e+00
2.032686049605000544e+00
1.983571633138269341e+00
1.938951244545251251e+00
1.899345226270172660e+00
1.864835928817085264e+00
1.835143675966528276e+00
1.809768060944287660e+00
1.788123239190329894e+00
1.769631133241132970e+00
1.753770512350055544e+00
1.740094771563936549e+00
1.728232109530724703e+00
1.717877717323613496e+00
1.708783452412402148e+00
1.700747660773597181e+00
