2.828139632433072315e+00
2.828139632433072315e+00
2.782149102362386994e+00
2.734793762585361332e+00
2.686020035031124742e+00
2.635786295478467434e+00
2.584071604121477961e+00
2.530888636574176509e+00
2.476302379905953810e+00
2.420456215261085120e+00
2.363606265950679131e+00
2.306162295834197185e+00
2.248727518042390461e+00
2.192119708666662170e+00
2.137345548676994778e+00
2.085501183165604289e+00
2.037600570991546789e+00
1.994385242158158267e+00
1.956200978156750425e+00
1.922994831105468094e+00
1.894413038450181164e+00
1.869935293075786653e+00
1.848989988644219373e+00
1.831028612543333489e+00
1.815562657657996182e+00
1.802175371937796866e+00
1.790519806758625654e+00
1.780310854602269233e+00
1.771315574403372173e+00
1.763343872131722279e+00
