2.577633404545177420e+00
2.577633404545177420e+00
2.536722836458164210e+00
2.494432774074216930e+00
2.450669336670124210e+00
2.405335535411740278e+00
2.358334882356681650e+00
2.309577850767431606e+00
2.258992977805404756e+00
2.206545377703204025e+00
2.152266692514507973e+00
2.096301619608138989e+00
2.038975558617757589e+00
1.980881626571728837e+00
1.922966276787344553e+00
1.866556968294989627e+00
1.813243899919904978e+00
1.764567577717292668e+00
1.721618066266260794e+00
1.684785331242664164e+00
1.653804228161248391e+00
1.628001563112494887e+00
1.606558313117967707e+00
1.588682249218110965e+00
1.573686337460387774e+00
1.561007320245568097e+00
1.550196193656409704e+00
1.540899357084031696e+00
1.532839170506200555e+00
1.525797131217329516e+00
