3.061624251786567275e+00
3.061624251786567275e+00
3.007972074274716690e+00
2.952774057095687965e+00
2.896005110918829395e+00
2.837672318278964934e+00
2.777833114786441904e+00
2.716621088126682793e+00
2.654280956816852832e+00
2.591212415226547439e+00
2.528017470520479648e+00
2.465535968529009470e+00
2.404840437229212480e+00
2.347154170962900022e+00
2.293676038824093766e+00
2.245352399543060873e+00
2.202694544872176863e+00
2.165730898098773949e+00
2.134099188002497982e+00
2.107206818762142220e+00
2.084380650661765255e+00
2.064967751088916170e+00
2.048386502820923383e+00
2.034143328573540188e+00
2.021830617919699424e+00
2.011116519861832153e+00
2.001732521366627715e+00
1.993461593755836647e+00
1.986127955834672942e+00
1.979588661668494343e+00
