3.442701316842330606e+00
3.442701316842330606e+00
3.364083481070851533e+00
3.282043699622239075e+00
3.196325218959374936e+00
3.106725656491719167e+00
3.013200943401312060e+00
2.916095213481903148e+00
2.816636103730568497e+00
2.717895256526969394e+00
2.626020048154789066e+00
2.549538729644879709e+00
2.493771750561657896e+00
2.456536356592630810e+00
2.432058888309823086e+00
2.415501043996629349e+00
2.403824995858472757e+00
2.395253233581500218e+00
2.388736982590511815e+00
2.383636304751419743e+00
2.379545214397131403e+00
2.376196325938138898e+00
2.373407478055280517e+00
2.371050803478247371e+00
2.369034159582241283e+00
2.367289600244343539e+00
2.365765995800128696e+00
2.364424175340615886e+00
2.363233648185654179e+00
2.362170340711490013e+00
