2.681844280430474292e+00
2.681844280430474292e+00
2.639194782424519214e+00
2.595197740464436631e+00
2.549778536681343244e+00
2.502865782189088506e+00
2.454396920501282775e+00
2.404327153752201962e+00
2.352643350865026850e+00
2.299385180026284115e+00
2.244676107328061221e+00
2.188766381326812560e+00
2.132087036673657288e+00
2.075305595211835552e+00
2.019358499661724426e+00
1.965417552673800694e+00
1.914749324046062462e+00
1.868476619887044610e+00
1.827335958675327943e+00
1.791558068574477858e+00
1.760920299202565875e+00
1.734907466993902636e+00
1.712881975607706053e+00
1.694204893956847480e+00
1.678299988069468673e+00
1.664676702739220637e+00
1.652930428788265793e+00
1.642732838749559665e+00
1.633819358546358957e+00
1.625977059940159730e+00
