6.475000 6.475200 6.475400 6.475600 6.475800 6.476000 6.476200 6.476400 6.476600 6.476800 6.477000 6.477200 6.477400 6.477600 6.477800 6.478000 6.478200 6.478400 6.478600 6.478800 6.479000 6.479200 6.479400 6.479600 6.479800 6.480000 6.480200 6.480400 6.480600 6.480800 6.481000 6.481200 6.481400 6.481600 6.481800 6.482000 6.482200 6.482400 6.482600 6.482800 6.483000 6.483200 6.483400 6.483600 6.483800 6.484000 6.484200 6.484400 6.484600 6.484800
6.475000 6.475200 6.475400 6.475600 6.475800 6.476000 6.476200 6.476400 6.476600 6.476800 6.477000 6.477200 6.477400 6.477600 6.477800 6.478000 6.478200 6.478400 6.478600 6.478800 6.479000 6.479200 6.479400 6.479600 6.479800 6.480000 6.480200 6.480400 6.480600 6.480800 6.481000 6.481200 6.481400 6.481600 6.481800 6.482000 6.482200 6.482400 6.482600 6.482800 6.483000 6.483200 6.483400 6.483600 6.483800 6.484000 6.484200 6.484400 6.484600 6.484800
6.475000 6.475200 6.475400 6.475600 6.475800 6.476000 6.476200 6.476400 6.476600 6.476800 6.477000 6.477200 6.477400 6.477600 6.477800 6.478000 6.478200 6.478400 6.478600 6.478800 6.479000 6.479200 6.479400 6.479600 6.479800 6.480000 6.480200 6.480400 6.480600 6.480800 6.481000 6.481200 6.481400 6.481600 6.481800 6.482000 6.482200 6.482400 6.482600 6.482800 6.483000 6.483200 6.483400 6.483600 6.483800 6.484000 6.484200 6.484400 6.484600 6.484800
6.475000 6.475200 6.475400 6.475600 6.475800 6.476000 6.476200 6.476400 6.476600 6.476800 6.477000 6.477200 6.477400 6.477600 6.477800 6.478000 6.478200 6.478400 6.478600 6.478800 6.479000 6.479200 6.479400 6.479600 6.479800 6.480000 6.480200 6.480400 6.480600 6.480800 6.481000 6.481200 6.481400 6.481600 6.481800 6.482000 6.482200 6.482400 6.482600 6.482800 6.483000 6.483200 6.483400 6.483600 6.483800 6.484000 6.484200 6.484400 6.484600 6.484800
6.475000 6.475200 6.475400 6.475600 6.475800 6.476000 6.476200 6.476400 6.476600 6.476800 6.477000 6.477200 6.477400 6.477600 6.477800 6.478000 6.478200 6.478400 6.478600 6.478800 6.479000 6.479200 6.479400 6.479600 6.479800 6.480000 6.480200 6.480400 6.480600 6.480800 6.481000 6.481200 6.481400 6.481600 6.481800 6.482000 6.482200 6.482400 6.482600 6.482800 6.483000 6.483200 6.483400 6.483600 6.483800 6.484000 6.484200 6.484400 6.484600 6.484800
6.475000 6.475200 6.475400 6.475600 6.475800 6.476000 6.476200 6.476400 6.476600 6.476800 6.477000 6.477200 6.477400 6.477600 6.477800 6.478000 6.478200 6.478400 6.478600 6.478800 6.479000 6.479200 6.479400 6.479600 6.479800 6.480000 6.480200 6.480400 6.480600 6.480800 6.481000 6.481200 6.481400 6.481600 6.481800 6.482000 6.482200 6.482400 6.482600 6.482800 6.483000 6.483200 6.483400 6.483600 6.483800 6.484000 6.484200 6.484400 6.484600 6.484800
6.475000 6.475200 6.475400 6.475600 6.475800 6.476000 6.476200 6.476400 6.476600 6.476800 6.477000 6.477200 6.477400 6.477600 6.477800 6.478000 6.478200 6.478400 6.478600 6.478800 6.479000 6.479200 6.479400 6.479600 6.479800 6.480000 6.480200 6.480400 6.480600 6.480800 6.481000 6.481200 6.481400 6.481600 6.481800 6.482000 6.482200 6.482400 6.482600 6.482800 6.483000 6.483200 6.483400 6.483600 6.483800 6.484000 6.484200 6.484400 6.484600 6.484800
6.475000 6.475200 6.475400 6.475600 6.475800 6.476000 6.476200 6.476400 6.476600 6.476800 6.477000 6.477200 6.477400 6.477600 6.477800 6.478000 6.478200 6.478400 6.478600 6.478800 6.479000 6.479200 6.479400 6.479600 6.479800 6.480000 6.480200 6.480400 6.480600 6.480800 6.481000 6.481200 6.481400 6.481600 6.481800 6.482000 6.482200 6.482400 6.482600 6.482800 6.483000 6.483200 6.483400 6.483600 6.483800 6.484000 6.484200 6.484400 6.484600 6.484800
6.475000 6.475200 6.475400 6.475600 6.475800 6.476000 6.476200 6.476400 6.476600 6.476800 6.477000 6.477200 6.477400 6.477600 6.477800 6.478000 6.478200 6.478400 6.478600 6.478800 6.479000 6.479200 6.479400 6.479600 6.479800 6.480000 6.480200 6.480400 6.480600 6.480800 6.481000 6.481200 6.481400 6.481600 6.481800 6.482000 6.482200 6.482400 6.482600 6.482800 6.483000 6.483200 6.483400 6.483600 6.483800 6.484000 6.484200 6.484400 6.484600 6.484800
6.475000 6.475200 6.475400 6.475600 6.475800 6.476000 6.476200 6.476400 6.476600 6.476800 6.477000 6.477200 6.477400 6.477600 6.477800 6.478000 6.478200 6.478400 6.478600 6.478800 6.479000 6.479200 6.479400 6.479600 6.479800 6.480000 6.480200 6.480400 6.480600 6.480800 6.481000 6.481200 6.481400 6.481600 6.481800 6.482000 6.482200 6.482400 6.482600 6.482800 6.483000 6.483200 6.483400 6.483600 6.483800 6.484000 6.484200 6.484400 6.484600 6.484800
6.475000 6.475200 6.475400 6.475600 6.475800 6.476000 6.476200 6.476400 6.476600 6.476800 6.477000 6.477200 6.477400 6.477600 6.477800 6.478000 6.478200 6.478400 6.478600 6.478800 6.479000 6.479200 6.479400 6.479600 6.479800 6.480000 6.480200 6.480400 6.480600 6.480800 6.481000 6.481200 6.481400 6.481600 6.481800 6.482000 6.482200 6.482400 6.482600 6.482800 6.483000 6.483200 6.483400 6.483600 6.483800 6.484000 6.484200 6.484400 6.484600 6.484800
6.475000 6.475200 6.475400 6.475600 6.475800 6.476000 6.476200 6.476400 6.476600 6.476800 6.477000 6.477200 6.477400 6.477600 6.477800 6.478000 6.478200 6.478400 6.478600 6.478800 6.479000 6.479200 6.479400 6.479600 6.479800 6.480000 6.480200 6.480400 6.480600 6.480800 6.481000 6.481200 6.481400 6.481600 6.481800 6.482000 6.482200 6.482400 6.482600 6.482800 6.483000 6.483200 6.483400 6.483600 6.483800 6.484000 6.484200 6.484400 6.484600 6.484800
6.475000 6.475200 6.475400 6.475600 6.475800 6.476000 6.476200 6.476400 6.476600 6.476800 6.477000 6.477200 6.477400 6.477600 6.477800 6.478000 6.478200 6.478400 6.478600 6.478800 6.479000 6.479200 6.479400 6.479600 6.479800 6.480000 6.480200 6.480400 6.480600 6.480800 6.481000 6.481200 6.481400 6.481600 6.481800 6.482000 6.482200 6.482400 6.482600 6.482800 6.483000 6.483200 6.483400 6.483600 6.483800 6.484000 6.484200 6.484400 6.484600 6.484800
6.475000 6.475200 6.475400 6.475600 6.475800 6.476000 6.476200 6.476400 6.476600 6.476800 6.477000 6.477200 6.477400 6.477600 6.477800 6.478000 6.478200 6.478400 6.478600 6.478800 6.479000 6.479200 6.479400 6.479600 6.479800 6.480000 6.480200 6.480400 6.480600 6.480800 6.481000 6.481200 6.481400 6.481600 6.481800 6.482000 6.482200 6.482400 6.482600 6.482800 6.483000 6.483200 6.483400 6.483600 6.483800 6.484000 6.484200 6.484400 6.484600 6.484800
6.475000 6.475200 6.475400 6.475600 6.475800 6.476000 6.476200 6.476400 6.476600 6.476800 6.477000 6.477200 6.477400 6.477600 6.477800 6.478000 6.478200 6.478400 6.478600 6.478800 6.479000 6.479200 6.479400 6.479600 6.479800 6.480000 6.480200 6.480400 6.480600 6.480800 6.481000 6.481200 6.481400 6.481600 6.481800 6.482000 6.482200 6.482400 6.482600 6.482800 6.483000 6.483200 6.483400 6.483600 6.483800 6.484000 6.484200 6.484400 6.484600 6.484800
6.475000 6.475200 6.475400 6.475600 6.475800 6.476000 6.476200 6.476400 6.476600 6.476800 6.477000 6.477200 6.477400 6.477600 6.477800 6.478000 6.478200 6.478400 6.478600 6.478800 6.479000 6.479200 6.479400 6.479600 6.479800 6.480000 6.480200 6.480400 6.480600 6.480800 6.481000 6.481200 6.481400 6.481600 6.481800 6.482000 6.482200 6.482400 6.482600 6.482800 6.483000 6.483200 6.483400 6.483600 6.483800 6.484000 6.484200 6.484400 6.484600 6.484800
6.475000 6.475200 6.475400 6.475600 6.475800 6.476000 6.476200 6.476400 6.476600 6.476800 6.477000 6.477200 6.477400 6.477600 6.477800 6.478000 6.478200 6.478400 6.478600 6.478800 6.479000 6.479200 6.479400 6.479600 6.479800 6.480000 6.480200 6.480400 6.480600 6.480800 6.481000 6.481200 6.481400 6.481600 6.481800 6.482000 6.482200 6.482400 6.482600 6.482800 6.483000 6.483200 6.483400 6.483600 6.483800 6.484000 6.484200 6.484400 6.484600 6.484800
6.475000 6.475200 6.475400 6.475600 6.475800 6.476000 6.476200 6.476400 6.476600 6.476800 6.477000 6.477200 6.477400 6.477600 6.477800 6.478000 6.478200 6.478400 6.478600 6.478800 6.479000 6.479200 6.479400 6.479600 6.479800 6.480000 6.480200 6.480400 6.480600 6.480800 6.481000 6.481200 6.481400 6.481600 6.481800 6.482000 6.482200 6.482400 6.482600 6.482800 6.483000 6.483200 6.483400 6.483600 6.483800 6.484000 6.484200 6.484400 6.484600 6.484800
6.475000 6.475200 6.475400 6.475600 6.475800 6.476000 6.476200 6.476400 6.476600 6.476800 6.477000 6.477200 6.477400 6.477600 6.477800 6.478000 6.478200 6.478400 6.478600 6.478800 6.479000 6.479200 6.479400 6.479600 6.479800 6.480000 6.480200 6.480400 6.480600 6.480800 6.481000 6.481200 6.481400 6.481600 6.481800 6.482000 6.482200 6.482400 6.482600 6.482800 6.483000 6.483200 6.483400 6.483600 6.483800 6.484000 6.484200 6.484400 6.484600 6.484800
6.475000 6.475200 6.475400 6.475600 6.475800 6.476000 6.476200 6.476400 6.476600 6.476800 6.477000 6.477200 6.477400 6.477600 6.477800 6.478000 6.478200 6.478400 6.478600 6.478800 6.479000 6.479200 6.479400 6.479600 6.479800 6.480000 6.480200 6.480400 6.480600 6.480800 6.481000 6.481200 6.481400 6.481600 6.481800 6.482000 6.482200 6.482400 6.482600 6.482800 6.483000 6.483200 6.483400 6.483600 6.483800 6.484000 6.484200 6.484400 6.484600 6.484800
6.475000 6.475200 6.475400 6.475600 6.475800 6.476000 6.476200 6.476400 6.476600 6.476800 6.477000 6.477200 6.477400 6.477600 6.477800 6.478000 6.478200 6.478400 6.478600 6.478800 6.479000 6.479200 6.479400 6.479600 6.479800 6.480000 6.480200 6.480400 6.480600 6.480800 6.481000 6.481200 6.481400 6.481600 6.481800 6.482000 6.482200 6.482400 6.482600 6.482800 6.483000 6.483200 6.483400 6.483600 6.483800 6.484000 6.484200 6.484400 6.484600 6.484800
6.475000 6.475200 6.475400 6.475600 6.475800 6.476000 6.476200 6.476400 6.476600 6.476800 6.477000 6.477200 6.477400 6.477600 6.477800 6.478000 6.478200 6.478400 6.478600 6.478800 6.479000 6.479200 6.479400 6.479600 6.479800 6.480000 6.480200 6.480400 6.480600 6.480800 6.481000 6.481200 6.481400 6.481600 6.481800 6.482000 6.482200 6.482400 6.482600 6.482800 6.483000 6.483200 6.483400 6.483600 6.483800 6.484000 6.484200 6.484400 6.484600 6.484800
6.475000 6.475200 6.475400 6.475600 6.475800 6.476000 6.476200 6.476400 6.476600 6.476800 6.477000 6.477200 6.477400 6.477600 6.477800 6.478000 6.478200 6.478400 6.478600 6.478800 6.479000 6.479200 6.479400 6.479600 6.479800 6.480000 6.480200 6.480400 6.480600 6.480800 6.481000 6.481200 6.481400 6.481600 6.481800 6.482000 6.482200 6.482400 6.482600 6.482800 6.483000 6.483200 6.483400 6.483600 6.483800 6.484000 6.484200 6.484400 6.484600 6.484800
6.475000 6.475200 6.475400 6.475600 6.475800 6.476000 6.476200 6.476400 6.476600 6.476800 6.477000 6.477200 6.477400 6.477600 6.477800 6.478000 6.478200 6.478400 6.478600 6.478800 6.479000 6.479200 6.479400 6.479600 6.479800 6.480000 6.480200 6.480400 6.480600 6.480800 6.481000 6.481200 6.481400 6.481600 6.481800 6.482000 6.482200 6.482400 6.482600 6.482800 6.483000 6.483200 6.483400 6.483600 6.483800 6.484000 6.484200 6.484400 6.484600 6.484800
6.475000 6.475200 6.475400 6.475600 6.475800 6.476000 6.476200 6.476400 6.476600 6.476800 6.477000 6.477200 6.477400 6.477600 6.477800 6.478000 6.478200 6.478400 6.478600 6.478800 6.479000 6.479200 6.479400 6.479600 6.479800 6.480000 6.480200 6.480400 6.480600 6.480800 6.481000 6.481200 6.481400 6.481600 6.481800 6.482000 6.482200 6.482400 6.482600 6.482800 6.483000 6.483200 6.483400 6.483600 6.483800 6.484000 6.484200 6.484400 6.484600 6.484800
6.475000 6.475200 6.475400 6.475600 6.475800 6.476000 6.476200 6.476400 6.476600 6.476800 6.477000 6.477200 6.477400 6.477600 6.477800 6.478000 6.478200 6.478400 6.478600 6.478800 6.479000 6.479200 6.479400 6.479600 6.479800 6.480000 6.480200 6.480400 6.480600 6.480800 6.481000 6.481200 6.481400 6.481600 6.481800 6.482000 6.482200 6.482400 6.482600 6.482800 6.483000 6.483200 6.483400 6.483600 6.483800 6.484000 6.484200 6.484400 6.484600 6.484800
6.475000 6.475200 6.475400 6.475600 6.475800 6.476000 6.476200 6.476400 6.476600 6.476800 6.477000 6.477200 6.477400 6.477600 6.477800 6.478000 6.478200 6.478400 6.478600 6.478800 6.479000 6.479200 6.479400 6.479600 6.479800 6.480000 6.480200 6.480400 6.480600 6.480800 6.481000 6.481200 6.481400 6.481600 6.481800 6.482000 6.482200 6.482400 6.482600 6.482800 6.483000 6.483200 6.483400 6.483600 6.483800 6.484000 6.484200 6.484400 6.484600 6.484800
6.475000 6.475200 6.475400 6.475600 6.475800 6.476000 6.476200 6.476400 6.476600 6.476800 6.477000 6.477200 6.477400 6.477600 6.477800 6.478000 6.478200 6.478400 6.478600 6.478800 6.479000 6.479200 6.479400 6.479600 6.479800 6.480000 6.480200 6.480400 6.480600 6.480800 6.481000 6.481200 6.481400 6.481600 6.481800 6.482000 6.482200 6.482400 6.482600 6.482800 6.483000 6.483200 6.483400 6.483600 6.483800 6.484000 6.484200 6.484400 6.484600 6.484800
6.475000 6.475200 6.475400 6.475600 6.475800 6.476000 6.476200 6.476400 6.476600 6.476800 6.477000 6.477200 6.477400 6.477600 6.477800 6.478000 6.478200 6.478400 6.478600 6.478800 6.479000 6.479200 6.479400 6.479600 6.479800 6.480000 6.480200 6.480400 6.480600 6.480800 6.481000 6.481200 6.481400 6.481600 6.481800 6.482000 6.482200 6.482400 6.482600 6.482800 6.483000 6.483200 6.483400 6.483600 6.483800 6.484000 6.484200 6.484400 6.484600 6.484800
6.475000 6.475200 6.475400 6.475600 6.475800 6.476000 6.476200 6.476400 6.476600 6.476800 6.477000 6.477200 6.477400 6.477600 6.477800 6.478000 6.478200 6.478400 6.478600 6.478800 6.479000 6.479200 6.479400 6.479600 6.479800 6.480000 6.480200 6.480400 6.480600 6.480800 6.481000 6.481200 6.481400 6.481600 6.481800 6.482000 6.482200 6.482400 6.482600 6.482800 6.483000 6.483200 6.483400 6.483600 6.483800 6.484000 6.484200 6.484400 6.484600 6.484800
6.475000 6.475200 6.475400 6.475600 6.475800 6.476000 6.476200 6.476400 6.476600 6.476800 6.477000 6.477200 6.477400 6.477600 6.477800 6.478000 6.478200 6.478400 6.478600 6.478800 6.479000 6.479200 6.479400 6.479600 6.479800 6.480000 6.480200 6.480400 6.480600 6.480800 6.481000 6.481200 6.481400 6.481600 6.481800 6.482000 6.482200 6.482400 6.482600 6.482800 6.483000 6.483200 6.483400 6.483600 6.483800 6.484000 6.484200 6.484400 6.484600 6.484800
6.475000 6.475200 6.475400 6.475600 6.475800 6.476000 6.476200 6.476400 6.476600 6.476800 6.477000 6.477200 6.477400 6.477600 6.477800 6.478000 6.478200 6.478400 6.478600 6.478800 6.479000 6.479200 6.479400 6.479600 6.479800 6.480000 6.480200 6.480400 6.480600 6.480800 6.481000 6.481200 6.481400 6.481600 6.481800 6.482000 6.482200 6.482400 6.482600 6.482800 6.483000 6.483200 6.483400 6.483600 6.483800 6.484000 6.484200 6.484400 6.484600 6.484800
6.475000 6.475200 6.475400 6.475600 6.475800 6.476000 6.476200 6.476400 6.476600 6.476800 6.477000 6.477200 6.477400 6.477600 6.477800 6.478000 6.478200 6.478400 6.478600 6.478800 6.479000 6.479200 6.479400 6.479600 6.479800 6.480000 6.480200 6.480400 6.480600 6.480800 6.481000 6.481200 6.481400 6.481600 6.481800 6.482000 6.482200 6.482400 6.482600 6.482800 6.483000 6.483200 6.483400 6.483600 6.483800 6.484000 6.484200 6.484400 6.484600 6.484800
6.475000 6.475200 6.475400 6.475600 6.475800 6.476000 6.476200 6.476400 6.476600 6.476800 6.477000 6.477200 6.477400 6.477600 6.477800 6.478000 6.478200 6.478400 6.478600 6.478800 6.479000 6.479200 6.479400 6.479600 6.479800 6.480000 6.480200 6.480400 6.480600 6.480800 6.481000 6.481200 6.481400 6.481600 6.481800 6.482000 6.482200 6.482400 6.482600 6.482800 6.483000 6.483200 6.483400 6.483600 6.483800 6.484000 6.484200 6.484400 6.484600 6.484800
6.475000 6.475200 6.475400 6.475600 6.475800 6.476000 6.476200 6.476400 6.476600 6.476800 6.477000 6.477200 6.477400 6.477600 6.477800 6.478000 6.478200 6.478400 6.478600 6.478800 6.479000 6.479200 6.479400 6.479600 6.479800 6.480000 6.480200 6.480400 6.480600 6.480800 6.481000 6.481200 6.481400 6.481600 6.481800 6.482000 6.482200 6.482400 6.482600 6.482800 6.483000 6.483200 6.483400 6.483600 6.483800 6.484000 6.484200 6.484400 6.484600 6.484800
6.475000 6.475200 6.475400 6.475600 6.475800 6.476000 6.476200 6.476400 6.476600 6.476800 6.477000 6.477200 6.477400 6.477600 6.477800 6.478000 6.478200 6.478400 6.478600 6.478800 6.479000 6.479200 6.479400 6.479600 6.479800 6.480000 6.480200 6.480400 6.480600 6.480800 6.481000 6.481200 6.481400 6.481600 6.481800 6.482000 6.482200 6.482400 6.482600 6.482800 6.483000 6.483200 6.483400 6.483600 6.483800 6.484000 6.484200 6.484400 6.484600 6.484800
6.475000 6.475200 6.475400 6.475600 6.475800 6.476000 6.476200 6.476400 6.476600 6.476800 6.477000 6.477200 6.477400 6.477600 6.477800 6.478000 6.478200 6.478400 6.478600 6.478800 6.479000 6.479200 6.479400 6.479600 6.479800 6.480000 6.480200 6.480400 6.480600 6.480800 6.481000 6.481200 6.481400 6.481600 6.481800 6.482000 6.482200 6.482400 6.482600 6.482800 6.483000 6.483200 6.483400 6.483600 6.483800 6.484000 6.484200 6.484400 6.484600 6.484800
6.475000 6.475200 6.475400 6.475600 6.475800 6.476000 6.476200 6.476400 6.476600 6.476800 6.477000 6.477200 6.477400 6.477600 6.477800 6.478000 6.478200 6.478400 6.478600 6.478800 6.479000 6.479200 6.479400 6.479600 6.479800 6.480000 6.480200 6.480400 6.480600 6.480800 6.481000 6.481200 6.481400 6.481600 6.481800 6.482000 6.482200 6.482400 6.482600 6.482800 6.483000 6.483200 6.483400 6.483600 6.483800 6.484000 6.484200 6.484400 6.484600 6.484800
6.475000 6.475200 6.475400 6.475600 6.475800 6.476000 6.476200 6.476400 6.476600 6.476800 6.477000 6.477200 6.477400 6.477600 6.477800 6.478000 6.478200 6.478400 6.478600 6.478800 6.479000 6.479200 6.479400 6.479600 6.479800 6.480000 6.480200 6.480400 6.480600 6.480800 6.481000 6.481200 6.481400 6.481600 6.481800 6.482000 6.482200 6.482400 6.482600 6.482800 6.483000 6.483200 6.483400 6.483600 6.483800 6.484000 6.484200 6.484400 6.484600 6.484800
6.475000 6.475200 6.475400 6.475600 6.475800 6.476000 6.476200 6.476400 6.476600 6.476800 6.477000 6.477200 6.477400 6.477600 6.477800 6.478000 6.478200 6.478400 6.478600 6.478800 6.479000 6.479200 6.479400 6.479600 6.479800 6.480000 6.480200 6.480400 6.480600 6.480800 6.481000 6.481200 6.481400 6.481600 6.481800 6.482000 6.482200 6.482400 6.482600 6.482800 6.483000 6.483200 6.483400 6.483600 6.483800 6.484000 6.484200 6.484400 6.484600 6.484800
6.475000 6.475200 6.475400 6.475600 6.475800 6.476000 6.476200 6.476400 6.476600 6.476800 6.477000 6.477200 6.477400 6.477600 6.477800 6.478000 6.478200 6.478400 6.478600 6.478800 6.479000 6.479200 6.479400 6.479600 6.479800 6.480000 6.480200 6.480400 6.480600 6.480800 6.481000 6.481200 6.481400 6.481600 6.481800 6.482000 6.482200 6.482400 6.482600 6.482800 6.483000 6.483200 6.483400 6.483600 6.483800 6.484000 6.484200 6.484400 6.484600 6.484800
6.475000 6.475200 6.475400 6.475600 6.475800 6.476000 6.476200 6.476400 6.476600 6.476800 6.477000 6.477200 6.477400 6.477600 6.477800 6.478000 6.478200 6.478400 6.478600 6.478800 6.479000 6.479200 6.479400 6.479600 6.479800 6.480000 6.480200 6.480400 6.480600 6.480800 6.481000 6.481200 6.481400 6.481600 6.481800 6.482000 6.482200 6.482400 6.482600 6.482800 6.483000 6.483200 6.483400 6.483600 6.483800 6.484000 6.484200 6.484400 6.484600 6.484800
6.475000 6.475200 6.475400 6.475600 6.475800 6.476000 6.476200 6.476400 6.476600 6.476800 6.477000 6.477200 6.477400 6.477600 6.477800 6.478000 6.478200 6.478400 6.478600 6.478800 6.479000 6.479200 6.479400 6.479600 6.479800 6.480000 6.480200 6.480400 6.480600 6.480800 6.481000 6.481200 6.481400 6.481600 6.481800 6.482000 6.482200 6.482400 6.482600 6.482800 6.483000 6.483200 6.483400 6.483600 6.483800 6.484000 6.484200 6.484400 6.484600 6.484800
6.475000 6.475200 6.475400 6.475600 6.475800 6.476000 6.476200 6.476400 6.476600 6.476800 6.477000 6.477200 6.477400 6.477600 6.477800 6.478000 6.478200 6.478400 6.478600 6.478800 6.479000 6.479200 6.479400 6.479600 6.479800 6.480000 6.480200 6.480400 6.480600 6.480800 6.481000 6.481200 6.481400 6.481600 6.481800 6.482000 6.482200 6.482400 6.482600 6.482800 6.483000 6.483200 6.483400 6.483600 6.483800 6.484000 6.484200 6.484400 6.484600 6.484800
6.475000 6.475200 6.475400 6.475600 6.475800 6.476000 6.476200 6.476400 6.476600 6.476800 6.477000 6.477200 6.477400 6.477600 6.477800 6.478000 6.478200 6.478400 6.478600 6.478800 6.479000 6.479200 6.479400 6.479600 6.479800 6.480000 6.480200 6.480400 6.480600 6.480800 6.481000 6.481200 6.481400 6.481600 6.481800 6.482000 6.482200 6.482400 6.482600 6.482800 6.483000 6.483200 6.483400 6.483600 6.483800 6.484000 6.484200 6.484400 6.484600 6.484800
6.475000 6.475200 6.475400 6.475600 6.475800 6.476000 6.476200 6.476400 6.476600 6.476800 6.477000 6.477200 6.477400 6.477600 6.477800 6.478000 6.478200 6.478400 6.478600 6.478800 6.479000 6.479200 6.479400 6.479600 6.479800 6.480000 6.480200 6.480400 6.480600 6.480800 6.481000 6.481200 6.481400 6.481600 6.481800 6.482000 6.482200 6.482400 6.482600 6.482800 6.483000 6.483200 6.483400 6.483600 6.483800 6.484000 6.484200 6.484400 6.484600 6.484800
6.475000 6.475200 6.475400 6.475600 6.475800 6.476000 6.476200 6.476400 6.476600 6.476800 6.477000 6.477200 6.477400 6.477600 6.477800 6.478000 6.478200 6.478400 6.478600 6.478800 6.479000 6.479200 6.479400 6.479600 6.479800 6.480000 6.480200 6.480400 6.480600 6.480800 6.481000 6.481200 6.481400 6.481600 6.481800 6.482000 6.482200 6.482400 6.482600 6.482800 6.483000 6.483200 6.483400 6.483600 6.483800 6.484000 6.484200 6.484400 6.484600 6.484800
6.475000 6.475200 6.475400 6.475600 6.475800 6.476000 6.476200 6.476400 6.476600 6.476800 6.477000 6.477200 6.477400 6.477600 6.477800 6.478000 6.478200 6.478400 6.478600 6.478800 6.479000 6.479200 6.479400 6.479600 6.479800 6.480000 6.480200 6.480400 6.480600 6.480800 6.481000 6.481200 6.481400 6.481600 6.481800 6.482000 6.482200 6.482400 6.482600 6.482800 6.483000 6.483200 6.483400 6.483600 6.483800 6.484000 6.484200 6.484400 6.484600 6.484800
6.475000 6.475200 6.475400 6.475600 6.475800 6.476000 6.476200 6.476400 6.476600 6.476800 6.477000 6.477200 6.477400 6.477600 6.477800 6.478000 6.478200 6.478400 6.478600 6.478800 6.479000 6.479200 6.479400 6.479600 6.479800 6.480000 6.480200 6.480400 6.480600 6.480800 6.481000 6.481200 6.481400 6.481600 6.481800 6.482000 6.482200 6.482400 6.482600 6.482800 6.483000 6.483200 6.483400 6.483600 6.483800 6.484000 6.484200 6.484400 6.484600 6.484800
6.475000 6.475200 6.475400 6.475600 6.475800 6.476000 6.476200 6.476400 6.476600 6.476800 6.477000 6.477200 6.477400 6.477600 6.477800 6.478000 6.478200 6.478400 6.478600 6.478800 6.479000 6.479200 6.479400 6.479600 6.479800 6.480000 6.480200 6.480400 6.480600 6.480800 6.481000 6.481200 6.481400 6.481600 6.481800 6.482000 6.482200 6.482400 6.482600 6.482800 6.483000 6.483200 6.483400 6.483600 6.483800 6.484000 6.484200 6.484400 6.484600 6.484800
