5.000000 5.040000 5.080000 5.120000 5.160000 5.200000 5.240000 5.280000 5.320000 5.360000 5.400000 5.440000 5.480000 5.520000 5.560000 5.600000 5.640000 5.680000 5.720000 5.760000 5.800000 5.840000 5.880000 5.920000 5.960000 6.000000 6.040000 6.080000 6.120000 6.160000 6.200000 6.240000 6.280000 6.320000 6.360000 6.400000 6.440000 6.480000 6.520000 6.560000 6.600000 6.640000 6.680000 6.720000 6.760000 6.800000 6.840000 6.880000 6.920000 6.960000
5.000000 5.040000 5.080000 5.120000 5.160000 5.200000 5.240000 5.280000 5.320000 5.360000 5.400000 5.440000 5.480000 5.520000 5.560000 5.600000 5.640000 5.680000 5.720000 5.760000 5.800000 5.840000 5.880000 5.920000 5.960000 6.000000 6.040000 6.080000 6.120000 6.160000 6.200000 6.240000 6.280000 6.320000 6.360000 6.400000 6.440000 6.480000 6.520000 6.560000 6.600000 6.640000 6.680000 6.720000 6.760000 6.800000 6.840000 6.880000 6.920000 6.960000
5.000000 5.040000 5.080000 5.120000 5.160000 5.200000 5.240000 5.280000 5.320000 5.360000 5.400000 5.440000 5.480000 5.520000 5.560000 5.600000 5.640000 5.680000 5.720000 5.760000 5.800000 5.840000 5.880000 5.920000 5.960000 6.000000 6.040000 6.080000 6.120000 6.160000 6.200000 6.240000 6.280000 6.320000 6.360000 6.400000 6.440000 6.480000 6.520000 6.560000 6.600000 6.640000 6.680000 6.720000 6.760000 6.800000 6.840000 6.880000 6.920000 6.960000
5.000000 5.040000 5.080000 5.120000 5.160000 5.200000 5.240000 5.280000 5.320000 5.360000 5.400000 5.440000 5.480000 5.520000 5.560000 5.600000 5.640000 5.680000 5.720000 5.760000 5.800000 5.840000 5.880000 5.920000 5.960000 6.000000 6.040000 6.080000 6.120000 6.160000 6.200000 6.240000 6.280000 6.320000 6.360000 6.400000 6.440000 6.480000 6.520000 6.560000 6.600000 6.640000 6.680000 6.720000 6.760000 6.800000 6.840000 6.880000 6.920000 6.960000
5.000000 5.040000 5.080000 5.120000 5.160000 5.200000 5.240000 5.280000 5.320000 5.360000 5.400000 5.440000 5.480000 5.520000 5.560000 5.600000 5.640000 5.680000 5.720000 5.760000 5.800000 5.840000 5.880000 5.920000 5.960000 6.000000 6.040000 6.080000 6.120000 6.160000 6.200000 6.240000 6.280000 6.320000 6.360000 6.400000 6.440000 6.480000 6.520000 6.560000 6.600000 6.640000 6.680000 6.720000 6.760000 6.800000 6.840000 6.880000 6.920000 6.960000
5.000000 5.040000 5.080000 5.120000 5.160000 5.200000 5.240000 5.280000 5.320000 5.360000 5.400000 5.440000 5.480000 5.520000 5.560000 5.600000 5.640000 5.680000 5.720000 5.760000 5.800000 5.840000 5.880000 5.920000 5.960000 6.000000 6.040000 6.080000 6.120000 6.160000 6.200000 6.240000 6.280000 6.320000 6.360000 6.400000 6.440000 6.480000 6.520000 6.560000 6.600000 6.640000 6.680000 6.720000 6.760000 6.800000 6.840000 6.880000 6.920000 6.960000
5.000000 5.040000 5.080000 5.120000 5.160000 5.200000 5.240000 5.280000 5.320000 5.360000 5.400000 5.440000 5.480000 5.520000 5.560000 5.600000 5.640000 5.680000 5.720000 5.760000 5.800000 5.840000 5.880000 5.920000 5.960000 6.000000 6.040000 6.080000 6.120000 6.160000 6.200000 6.240000 6.280000 6.320000 6.360000 6.400000 6.440000 6.480000 6.520000 6.560000 6.600000 6.640000 6.680000 6.720000 6.760000 6.800000 6.840000 6.880000 6.920000 6.960000
5.000000 5.040000 5.080000 5.120000 5.160000 5.200000 5.240000 5.280000 5.320000 5.360000 5.400000 5.440000 5.480000 5.520000 5.560000 5.600000 5.640000 5.680000 5.720000 5.760000 5.800000 5.840000 5.880000 5.920000 5.960000 6.000000 6.040000 6.080000 6.120000 6.160000 6.200000 6.240000 6.280000 6.320000 6.360000 6.400000 6.440000 6.480000 6.520000 6.560000 6.600000 6.640000 6.680000 6.720000 6.760000 6.800000 6.840000 6.880000 6.920000 6.960000
5.000000 5.040000 5.080000 5.120000 5.160000 5.200000 5.240000 5.280000 5.320000 5.360000 5.400000 5.440000 5.480000 5.520000 5.560000 5.600000 5.640000 5.680000 5.720000 5.760000 5.800000 5.840000 5.880000 5.920000 5.960000 6.000000 6.040000 6.080000 6.120000 6.160000 6.200000 6.240000 6.280000 6.320000 6.360000 6.400000 6.440000 6.480000 6.520000 6.560000 6.600000 6.640000 6.680000 6.720000 6.760000 6.800000 6.840000 6.880000 6.920000 6.960000
5.000000 5.040000 5.080000 5.120000 5.160000 5.200000 5.240000 5.280000 5.320000 5.360000 5.400000 5.440000 5.480000 5.520000 5.560000 5.600000 5.640000 5.680000 5.720000 5.760000 5.800000 5.840000 5.880000 5.920000 5.960000 6.000000 6.040000 6.080000 6.120000 6.160000 6.200000 6.240000 6.280000 6.320000 6.360000 6.400000 6.440000 6.480000 6.520000 6.560000 6.600000 6.640000 6.680000 6.720000 6.760000 6.800000 6.840000 6.880000 6.920000 6.960000
5.000000 5.040000 5.080000 5.120000 5.160000 5.200000 5.240000 5.280000 5.320000 5.360000 5.400000 5.440000 5.480000 5.520000 5.560000 5.600000 5.640000 5.680000 5.720000 5.760000 5.800000 5.840000 5.880000 5.920000 5.960000 6.000000 6.040000 6.080000 6.120000 6.160000 6.200000 6.240000 6.280000 6.320000 6.360000 6.400000 6.440000 6.480000 6.520000 6.560000 6.600000 6.640000 6.680000 6.720000 6.760000 6.800000 6.840000 6.880000 6.920000 6.960000
5.000000 5.040000 5.080000 5.120000 5.160000 5.200000 5.240000 5.280000 5.320000 5.360000 5.400000 5.440000 5.480000 5.520000 5.560000 5.600000 5.640000 5.680000 5.720000 5.760000 5.800000 5.840000 5.880000 5.920000 5.960000 6.000000 6.040000 6.080000 6.120000 6.160000 6.200000 6.240000 6.280000 6.320000 6.360000 6.400000 6.440000 6.480000 6.520000 6.560000 6.600000 6.640000 6.680000 6.720000 6.760000 6.800000 6.840000 6.880000 6.920000 6.960000
5.000000 5.040000 5.080000 5.120000 5.160000 5.200000 5.240000 5.280000 5.320000 5.360000 5.400000 5.440000 5.480000 5.520000 5.560000 5.600000 5.640000 5.680000 5.720000 5.760000 5.800000 5.840000 5.880000 5.920000 5.960000 6.000000 6.040000 6.080000 6.120000 6.160000 6.200000 6.240000 6.280000 6.320000 6.360000 6.400000 6.440000 6.480000 6.520000 6.560000 6.600000 6.640000 6.680000 6.720000 6.760000 6.800000 6.840000 6.880000 6.920000 6.960000
5.000000 5.040000 5.080000 5.120000 5.160000 5.200000 5.240000 5.280000 5.320000 5.360000 5.400000 5.440000 5.480000 5.520000 5.560000 5.600000 5.640000 5.680000 5.720000 5.760000 5.800000 5.840000 5.880000 5.920000 5.960000 6.000000 6.040000 6.080000 6.120000 6.160000 6.200000 6.240000 6.280000 6.320000 6.360000 6.400000 6.440000 6.480000 6.520000 6.560000 6.600000 6.640000 6.680000 6.720000 6.760000 6.800000 6.840000 6.880000 6.920000 6.960000
5.000000 5.040000 5.080000 5.120000 5.160000 5.200000 5.240000 5.280000 5.320000 5.360000 5.400000 5.440000 5.480000 5.520000 5.560000 5.600000 5.640000 5.680000 5.720000 5.760000 5.800000 5.840000 5.880000 5.920000 5.960000 6.000000 6.040000 6.080000 6.120000 6.160000 6.200000 6.240000 6.280000 6.320000 6.360000 6.400000 6.440000 6.480000 6.520000 6.560000 6.600000 6.640000 6.680000 6.720000 6.760000 6.800000 6.840000 6.880000 6.920000 6.960000
5.000000 5.040000 5.080000 5.120000 5.160000 5.200000 5.240000 5.280000 5.320000 5.360000 5.400000 5.440000 5.480000 5.520000 5.560000 5.600000 5.640000 5.680000 5.720000 5.760000 5.800000 5.840000 5.880000 5.920000 5.960000 6.000000 6.040000 6.080000 6.120000 6.160000 6.200000 6.240000 6.280000 6.320000 6.360000 6.400000 6.440000 6.480000 6.520000 6.560000 6.600000 6.640000 6.680000 6.720000 6.760000 6.800000 6.840000 6.880000 6.920000 6.960000
5.000000 5.040000 5.080000 5.120000 5.160000 5.200000 5.240000 5.280000 5.320000 5.360000 5.400000 5.440000 5.480000 5.520000 5.560000 5.600000 5.640000 5.680000 5.720000 5.760000 5.800000 5.840000 5.880000 5.920000 5.960000 6.000000 6.040000 6.080000 6.120000 6.160000 6.200000 6.240000 6.280000 6.320000 6.360000 6.400000 6.440000 6.480000 6.520000 6.560000 6.600000 6.640000 6.680000 6.720000 6.760000 6.800000 6.840000 6.880000 6.920000 6.960000
5.000000 5.040000 5.080000 5.120000 5.160000 5.200000 5.240000 5.280000 5.320000 5.360000 5.400000 5.440000 5.480000 5.520000 5.560000 5.600000 5.640000 5.680000 5.720000 5.760000 5.800000 5.840000 5.880000 5.920000 5.960000 6.000000 6.040000 6.080000 6.120000 6.160000 6.200000 6.240000 6.280000 6.320000 6.360000 6.400000 6.440000 6.480000 6.520000 6.560000 6.600000 6.640000 6.680000 6.720000 6.760000 6.800000 6.840000 6.880000 6.920000 6.960000
5.000000 5.040000 5.080000 5.120000 5.160000 5.200000 5.240000 5.280000 5.320000 5.360000 5.400000 5.440000 5.480000 5.520000 5.560000 5.600000 5.640000 5.680000 5.720000 5.760000 5.800000 5.840000 5.880000 5.920000 5.960000 6.000000 6.040000 6.080000 6.120000 6.160000 6.200000 6.240000 6.280000 6.320000 6.360000 6.400000 6.440000 6.480000 6.520000 6.560000 6.600000 6.640000 6.680000 6.720000 6.760000 6.800000 6.840000 6.880000 6.920000 6.960000
5.000000 5.040000 5.080000 5.120000 5.160000 5.200000 5.240000 5.280000 5.320000 5.360000 5.400000 5.440000 5.480000 5.520000 5.560000 5.600000 5.640000 5.680000 5.720000 5.760000 5.800000 5.840000 5.880000 5.920000 5.960000 6.000000 6.040000 6.080000 6.120000 6.160000 6.200000 6.240000 6.280000 6.320000 6.360000 6.400000 6.440000 6.480000 6.520000 6.560000 6.600000 6.640000 6.680000 6.720000 6.760000 6.800000 6.840000 6.880000 6.920000 6.960000
5.000000 5.040000 5.080000 5.120000 5.160000 5.200000 5.240000 5.280000 5.320000 5.360000 5.400000 5.440000 5.480000 5.520000 5.560000 5.600000 5.640000 5.680000 5.720000 5.760000 5.800000 5.840000 5.880000 5.920000 5.960000 6.000000 6.040000 6.080000 6.120000 6.160000 6.200000 6.240000 6.280000 6.320000 6.360000 6.400000 6.440000 6.480000 6.520000 6.560000 6.600000 6.640000 6.680000 6.720000 6.760000 6.800000 6.840000 6.880000 6.920000 6.960000
5.000000 5.040000 5.080000 5.120000 5.160000 5.200000 5.240000 5.280000 5.320000 5.360000 5.400000 5.440000 5.480000 5.520000 5.560000 5.600000 5.640000 5.680000 5.720000 5.760000 5.800000 5.840000 5.880000 5.920000 5.960000 6.000000 6.040000 6.080000 6.120000 6.160000 6.200000 6.240000 6.280000 6.320000 6.360000 6.400000 6.440000 6.480000 6.520000 6.560000 6.600000 6.640000 6.680000 6.720000 6.760000 6.800000 6.840000 6.880000 6.920000 6.960000
5.000000 5.040000 5.080000 5.120000 5.160000 5.200000 5.240000 5.280000 5.320000 5.360000 5.400000 5.440000 5.480000 5.520000 5.560000 5.600000 5.640000 5.680000 5.720000 5.760000 5.800000 5.840000 5.880000 5.920000 5.960000 6.000000 6.040000 6.080000 6.120000 6.160000 6.200000 6.240000 6.280000 6.320000 6.360000 6.400000 6.440000 6.480000 6.520000 6.560000 6.600000 6.640000 6.680000 6.720000 6.760000 6.800000 6.840000 6.880000 6.920000 6.960000
5.000000 5.040000 5.080000 5.120000 5.160000 5.200000 5.240000 5.280000 5.320000 5.360000 5.400000 5.440000 5.480000 5.520000 5.560000 5.600000 5.640000 5.680000 5.720000 5.760000 5.800000 5.840000 5.880000 5.920000 5.960000 6.000000 6.040000 6.080000 6.120000 6.160000 6.200000 6.240000 6.280000 6.320000 6.360000 6.400000 6.440000 6.480000 6.520000 6.560000 6.600000 6.640000 6.680000 6.720000 6.760000 6.800000 6.840000 6.880000 6.920000 6.960000
5.000000 5.040000 5.080000 5.120000 5.160000 5.200000 5.240000 5.280000 5.320000 5.360000 5.400000 5.440000 5.480000 5.520000 5.560000 5.600000 5.640000 5.680000 5.720000 5.760000 5.800000 5.840000 5.880000 5.920000 5.960000 6.000000 6.040000 6.080000 6.120000 6.160000 6.200000 6.240000 6.280000 6.320000 6.360000 6.400000 6.440000 6.480000 6.520000 6.560000 6.600000 6.640000 6.680000 6.720000 6.760000 6.800000 6.840000 6.880000 6.920000 6.960000
5.000000 5.040000 5.080000 5.120000 5.160000 5.200000 5.240000 5.280000 5.320000 5.360000 5.400000 5.440000 5.480000 5.520000 5.560000 5.600000 5.640000 5.680000 5.720000 5.760000 5.800000 5.840000 5.880000 5.920000 5.960000 6.000000 6.040000 6.080000 6.120000 6.160000 6.200000 6.240000 6.280000 6.320000 6.360000 6.400000 6.440000 6.480000 6.520000 6.560000 6.600000 6.640000 6.680000 6.720000 6.760000 6.800000 6.840000 6.880000 6.920000 6.960000
5.000000 5.040000 5.080000 5.120000 5.160000 5.200000 5.240000 5.280000 5.320000 5.360000 5.400000 5.440000 5.480000 5.520000 5.560000 5.600000 5.640000 5.680000 5.720000 5.760000 5.800000 5.840000 5.880000 5.920000 5.960000 6.000000 6.040000 6.080000 6.120000 6.160000 6.200000 6.240000 6.280000 6.320000 6.360000 6.400000 6.440000 6.480000 6.520000 6.560000 6.600000 6.640000 6.680000 6.720000 6.760000 6.800000 6.840000 6.880000 6.920000 6.960000
5.000000 5.040000 5.080000 5.120000 5.160000 5.200000 5.240000 5.280000 5.320000 5.360000 5.400000 5.440000 5.480000 5.520000 5.560000 5.600000 5.640000 5.680000 5.720000 5.760000 5.800000 5.840000 5.880000 5.920000 5.960000 6.000000 6.040000 6.080000 6.120000 6.160000 6.200000 6.240000 6.280000 6.320000 6.360000 6.400000 6.440000 6.480000 6.520000 6.560000 6.600000 6.640000 6.680000 6.720000 6.760000 6.800000 6.840000 6.880000 6.920000 6.960000
5.000000 5.040000 5.080000 5.120000 5.160000 5.200000 5.240000 5.280000 5.320000 5.360000 5.400000 5.440000 5.480000 5.520000 5.560000 5.600000 5.640000 5.680000 5.720000 5.760000 5.800000 5.840000 5.880000 5.920000 5.960000 6.000000 6.040000 6.080000 6.120000 6.160000 6.200000 6.240000 6.280000 6.320000 6.360000 6.400000 6.440000 6.480000 6.520000 6.560000 6.600000 6.640000 6.680000 6.720000 6.760000 6.800000 6.840000 6.880000 6.920000 6.960000
5.000000 5.040000 5.080000 5.120000 5.160000 5.200000 5.240000 5.280000 5.320000 5.360000 5.400000 5.440000 5.480000 5.520000 5.560000 5.600000 5.640000 5.680000 5.720000 5.760000 5.800000 5.840000 5.880000 5.920000 5.960000 6.000000 6.040000 6.080000 6.120000 6.160000 6.200000 6.240000 6.280000 6.320000 6.360000 6.400000 6.440000 6.480000 6.520000 6.560000 6.600000 6.640000 6.680000 6.720000 6.760000 6.800000 6.840000 6.880000 6.920000 6.960000
5.000000 5.040000 5.080000 5.120000 5.160000 5.200000 5.240000 5.280000 5.320000 5.360000 5.400000 5.440000 5.480000 5.520000 5.560000 5.600000 5.640000 5.680000 5.720000 5.760000 5.800000 5.840000 5.880000 5.920000 5.960000 6.000000 6.040000 6.080000 6.120000 6.160000 6.200000 6.240000 6.280000 6.320000 6.360000 6.400000 6.440000 6.480000 6.520000 6.560000 6.600000 6.640000 6.680000 6.720000 6.760000 6.800000 6.840000 6.880000 6.920000 6.960000
5.000000 5.040000 5.080000 5.120000 5.160000 5.200000 5.240000 5.280000 5.320000 5.360000 5.400000 5.440000 5.480000 5.520000 5.560000 5.600000 5.640000 5.680000 5.720000 5.760000 5.800000 5.840000 5.880000 5.920000 5.960000 6.000000 6.040000 6.080000 6.120000 6.160000 6.200000 6.240000 6.280000 6.320000 6.360000 6.400000 6.440000 6.480000 6.520000 6.560000 6.600000 6.640000 6.680000 6.720000 6.760000 6.800000 6.840000 6.880000 6.920000 6.960000
5.000000 5.040000 5.080000 5.120000 5.160000 5.200000 5.240000 5.280000 5.320000 5.360000 5.400000 5.440000 5.480000 5.520000 5.560000 5.600000 5.640000 5.680000 5.720000 5.760000 5.800000 5.840000 5.880000 5.920000 5.960000 6.000000 6.040000 6.080000 6.120000 6.160000 6.200000 6.240000 6.280000 6.320000 6.360000 6.400000 6.440000 6.480000 6.520000 6.560000 6.600000 6.640000 6.680000 6.720000 6.760000 6.800000 6.840000 6.880000 6.920000 6.960000
5.000000 5.040000 5.080000 5.120000 5.160000 5.200000 5.240000 5.280000 5.320000 5.360000 5.400000 5.440000 5.480000 5.520000 5.560000 5.600000 5.640000 5.680000 5.720000 5.760000 5.800000 5.840000 5.880000 5.920000 5.960000 6.000000 6.040000 6.080000 6.120000 6.160000 6.200000 6.240000 6.280000 6.320000 6.360000 6.400000 6.440000 6.480000 6.520000 6.560000 6.600000 6.640000 6.680000 6.720000 6.760000 6.800000 6.840000 6.880000 6.920000 6.960000
5.000000 5.040000 5.080000 5.120000 5.160000 5.200000 5.240000 5.280000 5.320000 5.360000 5.400000 5.440000 5.480000 5.520000 5.560000 5.600000 5.640000 5.680000 5.720000 5.760000 5.800000 5.840000 5.880000 5.920000 5.960000 6.000000 6.040000 6.080000 6.120000 6.160000 6.200000 6.240000 6.280000 6.320000 6.360000 6.400000 6.440000 6.480000 6.520000 6.560000 6.600000 6.640000 6.680000 6.720000 6.760000 6.800000 6.840000 6.880000 6.920000 6.960000
5.000000 5.040000 5.080000 5.120000 5.160000 5.200000 5.240000 5.280000 5.320000 5.360000 5.400000 5.440000 5.480000 5.520000 5.560000 5.600000 5.640000 5.680000 5.720000 5.760000 5.800000 5.840000 5.880000 5.920000 5.960000 6.000000 6.040000 6.080000 6.120000 6.160000 6.200000 6.240000 6.280000 6.320000 6.360000 6.400000 6.440000 6.480000 6.520000 6.560000 6.600000 6.640000 6.680000 6.720000 6.760000 6.800000 6.840000 6.880000 6.920000 6.960000
5.000000 5.040000 5.080000 5.120000 5.160000 5.200000 5.240000 5.280000 5.320000 5.360000 5.400000 5.440000 5.480000 5.520000 5.560000 5.600000 5.640000 5.680000 5.720000 5.760000 5.800000 5.840000 5.880000 5.920000 5.960000 6.000000 6.040000 6.080000 6.120000 6.160000 6.200000 6.240000 6.280000 6.320000 6.360000 6.400000 6.440000 6.480000 6.520000 6.560000 6.600000 6.640000 6.680000 6.720000 6.760000 6.800000 6.840000 6.880000 6.920000 6.960000
5.000000 5.040000 5.080000 5.120000 5.160000 5.200000 5.240000 5.280000 5.320000 5.360000 5.400000 5.440000 5.480000 5.520000 5.560000 5.600000 5.640000 5.680000 5.720000 5.760000 5.800000 5.840000 5.880000 5.920000 5.960000 6.000000 6.040000 6.080000 6.120000 6.160000 6.200000 6.240000 6.280000 6.320000 6.360000 6.400000 6.440000 6.480000 6.520000 6.560000 6.600000 6.640000 6.680000 6.720000 6.760000 6.800000 6.840000 6.880000 6.920000 6.960000
5.000000 5.040000 5.080000 5.120000 5.160000 5.200000 5.240000 5.280000 5.320000 5.360000 5.400000 5.440000 5.480000 5.520000 5.560000 5.600000 5.640000 5.680000 5.720000 5.760000 5.800000 5.840000 5.880000 5.920000 5.960000 6.000000 6.040000 6.080000 6.120000 6.160000 6.200000 6.240000 6.280000 6.320000 6.360000 6.400000 6.440000 6.480000 6.520000 6.560000 6.600000 6.640000 6.680000 6.720000 6.760000 6.800000 6.840000 6.880000 6.920000 6.960000
5.000000 5.040000 5.080000 5.120000 5.160000 5.200000 5.240000 5.280000 5.320000 5.360000 5.400000 5.440000 5.480000 5.520000 5.560000 5.600000 5.640000 5.680000 5.720000 5.760000 5.800000 5.840000 5.880000 5.920000 5.960000 6.000000 6.040000 6.080000 6.120000 6.160000 6.200000 6.240000 6.280000 6.320000 6.360000 6.400000 6.440000 6.480000 6.520000 6.560000 6.600000 6.640000 6.680000 6.720000 6.760000 6.800000 6.840000 6.880000 6.920000 6.960000
5.000000 5.040000 5.080000 5.120000 5.160000 5.200000 5.240000 5.280000 5.320000 5.360000 5.400000 5.440000 5.480000 5.520000 5.560000 5.600000 5.640000 5.680000 5.720000 5.760000 5.800000 5.840000 5.880000 5.920000 5.960000 6.000000 6.040000 6.080000 6.120000 6.160000 6.200000 6.240000 6.280000 6.320000 6.360000 6.400000 6.440000 6.480000 6.520000 6.560000 6.600000 6.640000 6.680000 6.720000 6.760000 6.800000 6.840000 6.880000 6.920000 6.960000
5.000000 5.040000 5.080000 5.120000 5.160000 5.200000 5.240000 5.280000 5.320000 5.360000 5.400000 5.440000 5.480000 5.520000 5.560000 5.600000 5.640000 5.680000 5.720000 5.760000 5.800000 5.840000 5.880000 5.920000 5.960000 6.000000 6.040000 6.080000 6.120000 6.160000 6.200000 6.240000 6.280000 6.320000 6.360000 6.400000 6.440000 6.480000 6.520000 6.560000 6.600000 6.640000 6.680000 6.720000 6.760000 6.800000 6.840000 6.880000 6.920000 6.960000
5.000000 5.040000 5.080000 5.120000 5.160000 5.200000 5.240000 5.280000 5.320000 5.360000 5.400000 5.440000 5.480000 5.520000 5.560000 5.600000 5.640000 5.680000 5.720000 5.760000 5.800000 5.840000 5.880000 5.920000 5.960000 6.000000 6.040000 6.080000 6.120000 6.160000 6.200000 6.240000 6.280000 6.320000 6.360000 6.400000 6.440000 6.480000 6.520000 6.560000 6.600000 6.640000 6.680000 6.720000 6.760000 6.800000 6.840000 6.880000 6.920000 6.960000
5.000000 5.040000 5.080000 5.120000 5.160000 5.200000 5.240000 5.280000 5.320000 5.360000 5.400000 5.440000 5.480000 5.520000 5.560000 5.600000 5.640000 5.680000 5.720000 5.760000 5.800000 5.840000 5.880000 5.920000 5.960000 6.000000 6.040000 6.080000 6.120000 6.160000 6.200000 6.240000 6.280000 6.320000 6.360000 6.400000 6.440000 6.480000 6.520000 6.560000 6.600000 6.640000 6.680000 6.720000 6.760000 6.800000 6.840000 6.880000 6.920000 6.960000
5.000000 5.040000 5.080000 5.120000 5.160000 5.200000 5.240000 5.280000 5.320000 5.360000 5.400000 5.440000 5.480000 5.520000 5.560000 5.600000 5.640000 5.680000 5.720000 5.760000 5.800000 5.840000 5.880000 5.920000 5.960000 6.000000 6.040000 6.080000 6.120000 6.160000 6.200000 6.240000 6.280000 6.320000 6.360000 6.400000 6.440000 6.480000 6.520000 6.560000 6.600000 6.640000 6.680000 6.720000 6.760000 6.800000 6.840000 6.880000 6.920000 6.960000
5.000000 5.040000 5.080000 5.120000 5.160000 5.200000 5.240000 5.280000 5.320000 5.360000 5.400000 5.440000 5.480000 5.520000 5.560000 5.600000 5.640000 5.680000 5.720000 5.760000 5.800000 5.840000 5.880000 5.920000 5.960000 6.000000 6.040000 6.080000 6.120000 6.160000 6.200000 6.240000 6.280000 6.320000 6.360000 6.400000 6.440000 6.480000 6.520000 6.560000 6.600000 6.640000 6.680000 6.720000 6.760000 6.800000 6.840000 6.880000 6.920000 6.960000
5.000000 5.040000 5.080000 5.120000 5.160000 5.200000 5.240000 5.280000 5.320000 5.360000 5.400000 5.440000 5.480000 5.520000 5.560000 5.600000 5.640000 5.680000 5.720000 5.760000 5.800000 5.840000 5.880000 5.920000 5.960000 6.000000 6.040000 6.080000 6.120000 6.160000 6.200000 6.240000 6.280000 6.320000 6.360000 6.400000 6.440000 6.480000 6.520000 6.560000 6.600000 6.640000 6.680000 6.720000 6.760000 6.800000 6.840000 6.880000 6.920000 6.960000
5.000000 5.040000 5.080000 5.120000 5.160000 5.200000 5.240000 5.280000 5.320000 5.360000 5.400000 5.440000 5.480000 5.520000 5.560000 5.600000 5.640000 5.680000 5.720000 5.760000 5.800000 5.840000 5.880000 5.920000 5.960000 6.000000 6.040000 6.080000 6.120000 6.160000 6.200000 6.240000 6.280000 6.320000 6.360000 6.400000 6.440000 6.480000 6.520000 6.560000 6.600000 6.640000 6.680000 6.720000 6.760000 6.800000 6.840000 6.880000 6.920000 6.960000
5.000000 5.040000 5.080000 5.120000 5.160000 5.200000 5.240000 5.280000 5.320000 5.360000 5.400000 5.440000 5.480000 5.520000 5.560000 5.600000 5.640000 5.680000 5.720000 5.760000 5.800000 5.840000 5.880000 5.920000 5.960000 6.000000 6.040000 6.080000 6.120000 6.160000 6.200000 6.240000 6.280000 6.320000 6.360000 6.400000 6.440000 6.480000 6.520000 6.560000 6.600000 6.640000 6.680000 6.720000 6.760000 6.800000 6.840000 6.880000 6.920000 6.960000
5.000000 5.040000 5.080000 5.120000 5.160000 5.200000 5.240000 5.280000 5.320000 5.360000 5.400000 5.440000 5.480000 5.520000 5.560000 5.600000 5.640000 5.680000 5.720000 5.760000 5.800000 5.840000 5.880000 5.920000 5.960000 6.000000 6.040000 6.080000 6.120000 6.160000 6.200000 6.240000 6.280000 6.320000 6.360000 6.400000 6.440000 6.480000 6.520000 6.560000 6.600000 6.640000 6.680000 6.720000 6.760000 6.800000 6.840000 6.880000 6.920000 6.960000
